1     1 1 1 1 0 0 1  1 0 0 0 0 4.20  0  0
2     1 2 1 0 1 0 1  3 0 1 1 5 4.20  0  0
3     1 3 1 0 0 0 1  5 1 0 0 4 4.20  1  0
4     1 4 1 1 0 1 2  6 0 1 0 5 5.49  3  1
5     1 5 1 0 0 0 2  8 0 0 0 0 4.00  3  2
6     2 1 1 0 0 0 2  1 0 0 0 0 5.75  0  0
7     2 2 1 1 1 0 2  3 0 0 0 0 5.75  0  3
8     2 3 1 0 1 0 2  5 0 0 0 0 5.75  1  4
9     2 4 1 1 0 0 1  7 3 0 0 2 4.00  4  5
10    2 5 1 1 0 0 2  8 0 1 0 5 5.21  7  6
11    3 1 1 0 0 0 2  1 0 0 0 0 4.30  0  1
12    3 2 1 1 0 0 2  3 3 0 0 1 4.30  1  1
13    3 3 1 1 0 0 2  5 0 0 0 0 4.30  4  2
14    3 4 1 0 0 0 2  7 0 0 0 0 5.49  7  2
15    4 1 0 1 0 0 1  1 0 0 0 0 5.11  0  0
16    4 2 0 0 0 0 1  4 0 0 0 0 5.11  0  5
17    4 3 0 0 0 0 1  7 0 0 0 0 5.11  0  7
18    4 4 0 0 0 0 2  9 0 0 0 0 3.70  1 10
19    5 1 0 0 0 0 2  1 0 0 0 1 3.83  0  0
20    5 2 0 0 0 0 1  3 0 0 0 0 3.83  2  2
21    5 3 0 1 1 0 0  5 2 0 0 0 3.83  2  8
22    5 4 0 0 0 0 1  7 0 0 0 0 3.38  4 10
23    6 1 0 0 0 1 1  1 0 0 0 0 4.38  0  0
24    6 2 0 0 0 0 1  3 0 0 0 0 4.38  2  0
25    6 3 0 0 0 0 2  5 0 0 0 0 4.38  4  1
26    6 4 0 0 0 0 0  7 0 0 0 0 4.50  8  1
27    6 5 0 1 0 0 2  9 0 0 0 0 3.54  8  3
28    7 1 0 1 0 1 0  1 4 0 0 0 5.75  0  0
29    7 2 0 1 0 0 0  3 4 0 0 0 5.75  4  0
30    7 3 0 0 0 0 0  5 0 0 0 0 5.21  8  0
31    7 4 0 0 0 1 2  7 1 0 0 0 5.49  8  0
32    7 5 0 0 0 0 0  9 0 0 0 0 5.49 11  6
33    9 1 0 1 0 0 0  1 0 0 0 0 4.22  0  0
34    9 2 0 0 0 0 1  4 1 0 0 4 4.22  0  0
35    9 3 0 0 0 0 1  6 2 0 0 0 4.22  1  3
36    9 4 0 0 0 0 1  8 0 1 0 5 4.20  3  8
37   10 1 0 1 0 0 1  1 2 0 0 4 5.16  0  0
38   10 2 0 1 0 0 0  3 2 0 0 0 5.16  2  3
39   10 3 0 1 1 1 0  4 1 0 0 0 4.36  5  3
40   10 4 0 1 0 0 1  6 0 0 0 2 5.35  6  3
41   10 5 0 1 1 0 1  8 1 1 0 5 4.74  6  3
42   11 1 0 1 0 0 1  1 1 0 0 2 5.45  0  0
43   11 2 0 0 0 0 0  3 0 0 0 0 5.45  1  1
44   11 3 0 1 1 0 1  5 5 0 0 4 5.45  1  7
45   11 4 0 1 0 0 0  6 0 0 0 0 4.36  6  7
46   11 5 0 1 0 0 1  8 0 1 0 5 3.25  6  9
47   12 1 0 0 0 0 2  1 0 0 0 0 5.45  0  0
48   12 2 0 0 0 0 0  4 0 1 0 5 5.45  1  0
49   12 3 0 0 0 0 2  6 0 0 0 0 5.45  2  0
50   12 4 0 0 0 0 2  8 1 0 0 4 4.74  2  4
51   13 1 1 1 0 1 0  1 1 0 0 0 4.38  1  0
52   13 2 1 0 0 0 2  3 0 0 0 0 4.38  1  1
53   13 3 1 0 0 0 0  6 0 0 0 0 4.38  1  2
54   13 4 1 0 0 1 0  8 2 0 0 4 4.04  1  2
55   14 1 1 0 0 0 2  1 0 0 0 0 3.83  0  0
56   14 2 1 0 0 0 1  3 0 0 0 0 3.83  2  1
57   14 3 1 1 0 1 2  5 0 0 0 0 3.83  2  2
58   14 4 1 0 0 0 2  7 1 0 0 4 3.83  4  4
59   15 1 1 0 0 0 2  1 0 0 0 1 4.38  0  1
60   15 2 1 0 0 0 2  3 0 0 0 0 4.38  1  1
61   15 3 1 0 0 0 0  6 0 0 0 0 4.38  1  8
62   16 1 1 0 0 0 2  1 0 0 0 0 5.45  0  0
63   16 2 1 1 0 0 1  4 2 0 0 4 5.45  0  1
64   16 3 1 0 0 0 2  6 0 0 0 0 5.45  2  1
65   16 4 1 0 0 1 2  8 0 1 1 5 4.74  3  1
66   17 1 1 1 1 0 1  9 0 0 0 0 3.55  3  6
67   18 1 1 0 1 0 1  1 0 1 0 5 4.14  0  0
68   18 2 1 0 0 0 0  4 0 0 0 0 4.14  0  3
69   18 3 1 1 1 0 1  5 2 1 0 5 5.35  3  3
70   18 4 1 0 0 0 1  7 1 0 0 0 4.57  5  4
71   19 1 1 0 1 0 1  1 0 1 0 5 4.67  0  2
72   19 2 1 0 1 0 1  3 2 0 0 4 4.67  1  3
73   19 3 1 0 0 0 0  6 2 0 0 0 4.67  3  8
74   19 4 1 0 0 0 1  8 0 1 0 5 3.97  5  9
75   20 1 1 0 1 1 0  1 2 0 0 2 4.93  0  0
76   20 2 1 1 0 1 2  2 0 0 0 0 4.93  2  0
77   20 3 1 0 1 0 2  4 0 1 0 5 4.93  4  6
78   20 4 1 1 0 0 2  6 0 0 0 0 3.57  4  6
79   20 5 1 0 0 0 2  8 0 0 0 0 2.39  5  6
80   21 1 1 0 0 0 2  1 0 1 0 5 3.89  0  0
81   21 2 1 1 0 1 1  2 1 0 0 2 3.89  2  0
82   21 3 1 1 1 0 1  4 0 0 0 0 3.89  3  0
83   21 4 1 0 1 0 1  6 0 0 0 0 4.32  3  1
84   21 5 1 1 0 0 2  8 2 0 0 4 3.57  3  7
85   22 1 1 0 0 0 2  1 0 0 0 0 3.74  0  4
86   22 2 1 1 1 0 2  3 2 1 0 5 3.74  1  5
87   22 3 1 0 0 0 2  5 0 0 0 0 3.74  3  5
88   24 1 1 0 0 0 2  1 0 0 0 0 5.14  0  1
89   24 2 1 0 0 0 2  4 1 0 0 4 5.14  0  1
90   24 3 1 1 0 0 1  6 0 0 0 0 5.47  1  6
91   24 4 1 1 0 0 0  8 0 0 0 0 4.74  2  7
92   25 1 0 0 0 0 2  1 0 1 0 5 3.67  0  0
93   25 2 0 1 0 0 1  3 3 1 0 5 3.67  1  0
94   25 3 0 1 0 1 1  4 3 1 0 5 4.33  5  2
95   25 4 0 0 0 0 0  6 0 1 0 5 4.95  9  3
96   25 5 0 1 1 0 1  7 1 0 0 0 4.95 10  3
97   26 1 0 0 1 0 1  1 1 0 0 0 4.28  0  0
98   26 2 0 1 0 0 1  3 0 0 0 0 4.28  1  0
99   26 3 0 1 0 0 2  5 2 0 0 4 4.28  1  4
100  26 4 0 0 0 0 1  7 0 0 0 0 5.48  6  5
101  26 5 0 0 0 0 1  9 0 0 0 0 4.33  7  5
102  27 1 0 1 0 0 1  1 2 0 0 4 5.07  0  0
103  27 2 0 1 0 0 2  3 0 1 0 5 5.07  2  0
104  27 3 0 1 0 0 0  5 0 0 0 1 5.07  3  1
105  27 4 0 0 0 0 1  7 0 0 0 1 5.07  3  3
106  27 5 0 1 1 0 2  9 0 1 0 5 4.26  3  4
107  28 1 0 0 0 0 2  1 0 1 0 5 4.30  0  0
108  28 2 0 0 0 0 2  3 0 0 0 0 4.30  0  1
109  28 3 0 1 0 0 1  6 3 0 0 4 4.30  0  2
110  28 4 0 0 0 0 0  8 0 1 0 5 4.60  4  2
111  29 1 0 1 0 0 1  1 0 0 0 0 4.57  0  0
112  29 2 0 0 0 0 0  3 0 1 0 5 4.57  1  0
113  29 3 0 0 0 0 0  5 1 1 0 5 4.57  1  0
114  29 4 0 1 0 0 1  6 0 0 0 0 4.57  2  0
115  29 5 0 0 0 0 1  9 0 0 0 0 4.28  2  4
116  30 1 0 1 0 0 1  8 0 0 0 0 4.00  8 10
117  31 1 1 0 0 0 2  1 0 1 0 5 4.02  0  0
118  31 2 1 0 0 0 1  4 0 1 0 5 4.02  0  0
119  31 3 1 1 0 0 2  6 4 1 0 1 4.02  0  0
120  31 4 1 1 0 1 0  8 2 0 0 1 4.71  4  2
121  32 1 1 0 0 0 2  1 1 1 0 5 5.04  0  0
122  32 2 1 1 0 0 0  3 2 0 0 0 5.04  1  1
123  32 3 1 0 0 1 2  4 0 1 0 5 5.04  3  1
124  32 4 1 0 0 0 2  5 0 0 0 0 4.04  5  1
125  33 1 1 1 0 0 1  1 0 0 0 0 4.44  0  0
126  33 2 1 1 1 0 1  3 0 0 0 0 4.44  0  5
127  33 3 1 0 0 0 2  5 0 0 0 0 4.44  0  5
128  35 1 1 0 1 1 0  1 1 0 0 0 4.39  0  0
129  35 2 1 0 0 0 0  4 1 0 0 4 4.39  1  1
130  35 3 1 1 0 0 1  6 0 1 0 5 4.39  2  2
131  35 4 1 1 0 0 0  8 0 0 0 0 4.39  2  2
132  35 5 1 0 0 0 0 10 1 0 0 5 4.39  2  2
133  36 1 1 1 1 0 0  1 3 1 0 5 4.88  0  0
134  36 2 1 0 0 0 0  3 1 0 0 2 4.88  3  0
135  36 3 1 0 0 0 1  5 0 0 0 0 5.45  5  1
136  36 4 1 1 1 1 1  6 2 0 0 2 3.69  7  1
137  37 1 1 0 0 0 2  1 0 0 0 0 3.61  0  0
138  37 2 1 0 0 0 2  3 0 0 0 0 3.61  3  2
139  37 3 1 1 1 1 2  5 1 0 0 2 3.61  5  2
140  37 4 1 0 0 0 2  7 0 0 0 0 3.90  6  2
141  38 1 0 1 0 0 1  1 1 1 0 5 4.59  0  0
142  38 2 0 1 1 0 0  3 5 0 0 2 4.59  1  2
143  38 3 0 0 0 0 1  4 0 0 0 0 4.51  5  2
144  38 4 0 1 0 0 1  6 0 0 0 0 4.37  7  2
145  38 5 0 1 0 0 0  8 0 0 0 0 4.85  7  4
146  39 1 0 1 1 0 0  1 1 0 0 0 4.80  0  0
147  39 2 0 0 0 0 2  3 0 0 0 0 4.80  1  0
148  39 3 0 0 0 0 2  6 0 0 0 0 4.80  1  2
149  39 4 0 1 0 0 2  8 0 0 0 1 4.68  3  4
150  40 1 0 0 0 0 2  1 0 1 0 5 3.84  0  0
151  40 2 0 0 0 1 1  3 2 0 0 4 3.84  1  0
152  40 3 0 0 0 1 1  5 0 0 0 0 3.84  3  3
153  40 4 0 0 0 0 0  8 0 0 0 0 4.78  3  8
154  41 1 0 0 1 0 1  1 1 1 1 5 2.85  0  0
155  41 2 0 0 0 0 0  3 0 0 0 0 2.85  3  2
156  41 3 0 1 0 1 0  5 0 0 0 0 2.85  4  4
157  41 4 0 0 0 0 1  8 1 0 0 4 3.96  4  4
158  42 1 0 1 0 0 1  1 0 0 0 2 4.70  0  0
159  42 2 0 0 0 0 0  3 1 0 0 4 4.70  1  1
160  42 3 0 0 0 0 0  5 0 0 0 0 4.70  2  2
161  42 4 0 0 0 0 0  7 2 0 0 4 3.78  2  3
162  42 5 0 0 0 0 2  8 1 0 0 4 3.98  4  3
163  43 1 0 0 0 0 2  1 1 0 0 4 4.21  0  0
164  43 2 0 1 0 1 0  3 1 1 0 5 4.21  2  0
165  43 3 0 0 0 0 1  5 0 1 0 5 4.21  3  2
166  43 4 0 0 0 0 1  7 1 0 0 4 3.96  3  7
167  44 1 0 1 0 0 1  1 0 0 0 0 3.37  0  0
168  44 2 0 0 0 0 0  4 1 0 0 4 3.37  0  1
169  44 3 0 0 0 0 1  6 1 0 0 0 3.37  1  3
170  44 4 0 0 0 0 2  8 0 0 0 0 3.37  2  4
171  45 1 0 0 0 0 2  1 0 1 0 5 4.76  0  0
172  45 2 0 0 1 0 2  3 0 1 1 5 4.76  0  2
173  45 3 0 1 0 0 2  5 0 0 0 1 4.76  1  3
174  45 4 0 0 0 0 0  7 0 0 0 0 3.43  4  8
175  45 5 0 0 1 0 0  9 3 0 0 4 5.08  5 12
176  46 1 0 1 0 0 1  1 1 0 0 0 3.10  1  0
177  46 2 0 1 1 0 0  3 2 0 0 1 3.10  2  0
178  46 3 0 0 0 0 0  6 0 0 0 1 4.72  4  1
179  46 4 0 1 0 0 1  8 0 0 0 0 4.93  4  1
180  47 1 1 0 0 0 2  1 2 1 0 5 5.00  0  0
181  47 2 1 0 0 0 2  3 1 0 0 4 5.00  3  1
182  47 3 1 0 0 0 2  5 0 0 0 0 5.00  5  1
183  47 4 1 1 1 0 2  7 0 0 0 0 4.98  5  1
184  48 1 1 0 0 1 2  1 0 1 0 5 3.80  0  3
185  48 2 1 0 0 0 1  4 0 0 0 0 3.80  0  3
186  48 3 1 0 0 0 1  6 1 1 0 5 3.80  0  3
187  48 4 1 1 1 0 0  8 0 0 0 1 4.15  1  6
188  50 1 1 1 0 0 1  1 2 0 0 4 4.09  1  0
189  50 2 1 1 0 0 1  3 0 0 0 0 4.09  3  2
190  50 3 1 0 0 0 0  6 0 0 0 0 4.09  4  3
191  50 4 1 0 0 0 1  8 0 1 0 0 4.98  5  3
192  51 1 1 0 1 0 2  1 0 1 0 5 3.10  0  0
193  51 2 1 0 0 0 0  4 0 0 0 0 3.10  0  0
194  51 3 1 1 1 0 0  6 0 0 0 0 3.10  0  0
195  51 4 1 0 0 0 2  8 0 0 0 0 5.04  0  0
196  51 5 1 1 0 0 1 10 0 0 0 0 3.82  1  1
197  52 1 1 0 0 1 1  1 0 1 1 5 4.73  0  0
198  52 2 1 0 1 0 2  3 0 1 1 5 4.73  0  0
199  52 3 1 1 0 0 0  6 0 0 0 0 4.73  0  0
200  52 4 1 0 1 0 2  8 0 1 1 5 5.04  0  0
201  52 5 1 1 0 0 0 11 0 0 0 0 4.72  0  0
202  52 6 1 1 0 0 1 13 0 0 0 0 3.43  0  0
203  52 7 1 0 0 0 2 16 0 0 0 0 4.78  0  0
204  52 8 1 1 1 0 0 18 0 0 0 0 4.78  0  1
205  53 1 1 0 0 0 0  2 1 0 0 4 5.47  0  2
206  53 2 1 0 0 0 1  4 0 1 0 5 5.47  1  4
207  53 3 1 0 1 0 1  6 2 0 0 4 5.47  1  4
208  53 4 1 0 0 0 2  8 0 0 0 0 3.43  3  4
209  54 1 0 0 1 0 2  1 0 1 1 5 5.21  0  0
210  54 2 0 1 0 0 1  3 2 0 0 4 5.21  1  0
211  54 3 0 0 1 0 1  4 2 1 1 5 5.21  5  4
212  54 4 0 1 0 0 2  6 4 1 0 5 4.72  7  5
213  54 5 0 0 0 0 1  8 0 0 0 0 5.71 11  7
214  55 1 0 0 1 0 2  1 1 1 0 5 4.09  0  0
215  55 2 0 0 0 0 2  3 0 0 0 0 4.09  1  2
216  55 3 0 0 1 0 1  5 0 0 0 0 4.09  2  3
217  55 4 0 1 1 0 0  7 2 0 0 0 4.15  2  3
218  55 5 0 1 0 0 1  9 1 1 0 5 4.33  4  3
219  56 1 0 0 0 0 0  1 0 0 0 0 4.46  0  0
220  56 2 0 0 0 0 2  4 0 0 0 0 4.46  0  6
221  56 3 0 1 0 0 0  7 2 0 0 0 4.46  0 11
222  57 1 1 0 0 1 1  1 1 0 0 0 4.30  1  0
223  57 2 1 0 0 0 0  4 1 0 0 4 4.30  2  0
224  57 3 1 0 1 0 2  5 0 1 1 5 4.30  3  0
225  57 4 1 1 0 0 1  7 0 0 0 1 4.30  3  0
226  58 1 1 0 0 0 0  2 1 0 0 1 6.56  0  2
227  58 2 1 1 0 0 1  3 2 0 0 4 6.56  1  4
228  58 3 1 1 0 0 2  4 0 1 0 5 4.09  4  4
229  58 4 1 1 0 1 1  6 2 1 0 5 4.50  5  5
230  58 5 1 1 0 0 0  8 0 0 0 0 5.21  7  5
231  60 1 1 0 0 0 2  1 0 1 0 5 4.22  0  4
232  60 2 1 1 0 0 1  3 1 0 0 2 4.22  1  6
233  60 3 1 0 0 0 2  5 0 0 0 0 4.22  2  6
234  60 4 1 1 0 0 2  7 2 0 0 4 3.37  4 10
235  60 5 1 0 0 0 2  9 0 0 0 0 2.77  7 10
236  61 1 0 0 0 0 2  1 0 0 0 0 4.46  0  0
237  61 2 0 1 0 0 1  3 0 0 0 0 4.46  1  1
238  61 3 0 0 0 0 1  5 0 1 0 5 4.46  2  4
239  61 4 0 0 0 0 0  8 0 1 0 5 3.46  2  4
240  62 1 0 0 0 0 2  1 0 0 0 0 4.11  0  0
241  62 2 0 0 0 0 2  4 0 1 0 5 4.11  0  2
242  62 3 0 0 1 0 0  7 2 0 0 0 4.11  0  3
243  62 4 0 0 0 1 1  9 1 0 0 0 4.02  2  3
244  62 5 0 0 1 0 0 11 1 1 1 5 3.76  3  3
245  63 1 0 0 0 0 2  1 0 0 0 0 4.28  0  0
246  63 2 0 0 0 0 2  4 0 0 0 0 4.28  0  2
247  63 3 0 0 1 0 0  7 1 0 0 1 4.28  0  3
248  63 4 0 0 0 0 0  9 0 1 0 5 3.24  2  6
249  64 1 1 0 0 0 2  1 1 0 0 4 4.68  0  0
250  64 2 1 0 0 0 1  3 0 0 0 0 4.68  2  0
251  64 3 1 1 0 0 0  5 0 0 0 1 4.68  3  1
252  64 4 1 0 0 0 2  7 0 0 0 0 4.68  3  1
253  65 1 1 1 0 0 1  1 0 0 0 0 5.34  0  0
254  65 2 1 0 0 0 0  4 0 0 0 0 5.34  0  0
255  65 3 1 0 0 0 1  6 0 0 0 0 5.34  0  0
256  65 4 1 1 0 0 1  8 0 0 0 1 3.84  1  0
257  66 1 1 0 0 0 2  1 2 1 0 5 3.70  0  1
258  66 2 1 0 0 0 2  2 0 0 0 2 3.70  3  1
259  66 3 1 0 1 1 1  4 4 1 1 5 3.70  4  2
260  66 4 1 0 0 0 1  6 2 0 0 4 3.41  8  3
261  66 5 1 1 0 0 0  8 0 0 0 0 4.15 10  4
262  67 1 1 0 0 0 2  1 1 0 0 4 4.28  0  0
263  67 2 1 0 0 0 2  3 0 0 0 1 4.28  2  0
264  67 3 1 0 0 0 0  6 1 0 0 4 4.28  2  1
265  67 4 1 0 0 0 0  8 0 1 0 5 4.18  3  1
266  68 1 1 0 0 0 2  1 0 0 0 0 4.11  0  0
267  68 2 1 0 0 0 1  4 0 0 0 0 4.11  0  0
268  68 3 1 0 0 0 0  7 0 1 0 5 4.11  0  1
269  69 1 1 0 0 0 2  1 0 0 0 0 3.58  0  0
270  69 2 1 1 0 0 2  3 0 1 0 5 3.58  2  0
271  69 3 1 0 0 0 1  5 0 0 0 0 3.58  2  0
272  69 4 1 0 0 0 1  7 0 0 0 0 4.18  2  0
273  70 1 0 0 0 0 2  1 0 0 0 1 4.22  0  0
274  70 2 0 1 1 0 0  3 1 0 0 0 4.22  0  0
275  70 3 0 0 0 0 1  5 1 0 0 4 4.22  1  0
276  70 4 0 0 0 1 2  7 0 1 1 5 4.22  2  0
277  70 5 0 0 0 0 1  9 0 0 0 0 4.09  3  0
278  70 6 0 0 0 0 0 12 0 1 0 5 4.20  3  3
279  70 7 0 1 0 0 0 14 0 0 0 1 4.20  3  3
280  71 1 0 0 0 1 1  1 0 0 0 0 5.75  0  0
281  71 2 0 0 0 0 2  3 0 0 0 0 5.75  3  0
282  71 3 0 0 1 1 0  6 2 1 1 5 5.75  3  0
283  71 4 0 1 0 0 0  8 3 0 0 4 4.99  5  3
284  71 5 0 1 0 1 0  9 0 0 0 0 4.09  8  3
285  73 1 0 1 0 0 1  1 2 1 0 5 4.22  0  0
286  73 2 0 0 1 1 1  2 5 1 1 5 4.22  3  1
287  73 3 0 1 0 0 2  3 0 1 0 5 3.92  8  1
288  73 4 0 1 0 0 1  5 0 0 0 0 3.67  8  1
289  73 5 0 0 1 0 0  8 0 0 0 0 4.08  9  3
290  74 1 0 0 0 1 1  1 2 0 0 4 4.15  0  0
291  74 2 0 0 1 0 2  3 0 0 0 0 4.15  2  0
292  74 3 0 0 0 0 0  6 0 0 0 0 4.15  3  2
293  74 4 0 0 0 0 0  8 1 1 0 5 3.52  3  2
294  74 5 0 0 1 0 1  9 0 1 1 5 3.35  5  5
295  75 1 0 0 0 0 2  1 0 0 0 0 3.09  0  0
296  75 2 0 0 0 0 1  3 0 0 0 0 3.09  1  0
297  75 3 0 0 0 0 0  5 0 0 0 0 3.09  2  1
298  75 4 0 0 0 0 0  7 1 0 0 0 4.08  2  6
299  75 5 0 0 0 0 1  9 0 1 0 5 3.52  3  7
300  76 1 1 0 0 0 2  1 2 1 0 5 3.83  0  1
301  76 2 1 0 0 0 2  3 0 0 0 0 3.83  2  1
302  76 3 1 0 0 0 1  6 0 0 0 0 3.83  3  2
303  76 4 1 1 1 0 1  8 2 1 0 5 3.38  3  2
304  77 1 1 1 0 0 1  1 0 0 0 0 3.19  0  4
305  77 2 1 0 0 0 0  3 0 0 0 0 3.19  2  5
306  77 3 1 0 1 0 2  5 0 0 0 0 3.19  2  5
307  77 4 1 1 0 0 2  6 1 1 0 5 6.61  7  5
308  77 5 1 0 0 0 2  8 0 0 0 0 3.86  8 10
309  78 1 1 1 0 0 1  1 1 0 0 2 4.04  0  0
310  78 2 1 1 0 1 2  2 0 0 0 0 4.04  3  0
311  78 3 1 1 1 1 2  4 0 0 0 0 4.04  3  3
312  78 4 1 0 0 0 0  7 0 0 0 0 4.04  3  7
313  78 5 1 1 0 0 1  9 0 0 0 0 3.38  3  7
314  79 1 1 0 0 0 2  1 0 1 0 5 4.15  0  0
315  79 2 1 0 0 0 0  4 0 0 0 0 4.15  0  0
316  79 3 1 1 1 0 2  5 0 1 0 5 4.15  2  1
317  79 4 1 0 0 0 0  8 1 1 0 5 3.52  2  2
318  81 1 1 0 0 0 2  1 0 1 0 5 4.05  0  1
319  81 2 1 0 0 0 2  2 0 1 0 5 4.05  5  4
320  81 3 1 0 1 0 2  4 0 1 0 5 4.47  5  4
321  81 4 1 0 0 0 0  7 0 0 0 2 3.92  5  4
322  82 1 0 0 0 0 2  1 0 0 0 0 4.04  0  0
323  82 2 0 1 0 0 2  3 0 0 0 0 4.04  2  2
324  82 3 0 1 1 0 0  6 3 0 0 0 4.04  2  5
325  82 4 0 0 0 0 1  8 0 0 0 0 3.38  6  7
326  83 1 0 1 0 0 1  1 0 1 0 5 5.11  0  0
327  83 2 0 1 0 1 2  2 0 0 0 0 5.11  1  1
328  83 3 0 1 0 0 2  4 0 0 0 0 5.11  3  1
329  83 4 0 0 0 0 1  7 0 0 0 0 6.61  3  1
330  83 5 0 1 1 0 2  9 0 1 1 5 3.54  3  4
331  84 1 0 1 0 0 1  1 0 0 0 1 4.38  0  0
332  84 2 0 0 0 0 2  3 0 1 0 5 4.38  0  2
333  84 3 0 1 0 0 1  5 0 0 0 0 4.38  0  2
334  84 4 0 0 0 0 2  7 0 0 0 0 4.38  0  3
335  84 5 0 0 0 0 1  9 0 0 0 0 3.54  3  4
336  85 1 0 1 0 0 1  1 0 0 0 1 3.83  0  0
337  85 2 0 0 0 0 2  3 1 1 0 5 3.83  0  1
338  85 3 0 1 0 0 2  5 0 0 0 0 3.83  1  2
339  85 4 0 0 0 0 1  8 0 1 0 5 3.83  2  2
340  85 5 0 1 1 0 2  9 0 0 0 0 3.04  3  2
341  86 1 1 0 0 0 2  1 0 1 0 5 5.93  0  0
342  86 2 1 0 0 0 0  4 1 0 0 2 5.93  0  2
343  86 3 1 0 0 0 0  6 0 0 0 0 3.25  2  2
344  86 4 1 0 0 0 0  8 0 0 0 0 3.55  2  2
345  86 5 1 0 0 0 0 10 0 0 0 2 4.48  2  2
346  87 1 1 0 0 0 2  1 0 1 0 5 5.45  0  3
347  87 2 1 1 0 0 0  4 3 0 0 1 5.45  0  4
348  87 3 1 1 1 0 2  5 0 0 0 0 5.45  3  9
349  88 1 1 1 0 0 1  1 1 0 0 2 5.16  0  0
350  88 2 1 0 0 1 2  3 1 1 1 5 5.16  1  0
351  88 3 1 1 0 0 1  5 1 0 0 2 5.16  2  2
352  88 4 1 0 0 0 2  7 0 0 0 0 5.16  3  2
353  88 5 1 0 0 0 0 10 0 0 0 0 3.55  3  3
354  88 6 1 1 0 0 2 11 0 1 1 5 3.25  3  3
355  88 7 1 0 0 0 1 13 0 0 0 0 4.36  3  5
356  89 1 0 0 0 0 2  1 1 0 0 4 4.63  0  0
357  89 2 0 0 0 0 1  4 0 0 0 0 4.63  1  2
358  89 3 0 0 0 0 1  6 0 0 0 1 4.63  3  2
359  89 4 0 0 0 0 0  8 0 0 0 0 4.26  3  2
360  89 5 0 0 0 0 2 10 0 0 0 0 2.94  3  3
361  90 1 0 0 0 1 1  1 1 0 0 1 4.23  0  0
362  90 2 0 0 0 0 0  3 0 0 0 0 4.23  2  0
363  90 3 0 0 0 1 2  4 0 0 0 0 4.23  5  1
364  90 4 0 0 0 0 0  7 0 0 0 0 2.63  5  2
365  90 5 0 0 0 0 2  9 0 0 0 0 2.63  5  3
366  91 1 0 0 0 0 1  1 0 0 0 0 3.61  1  0
367  91 2 0 0 0 0 0  4 1 0 0 0 3.61  1  3
368  91 3 0 0 0 0 2  6 0 0 0 0 3.61  2  3
369  91 4 0 1 0 0 2  8 0 0 0 0 4.52  2  3
370  92 1 0 0 0 0 2  1 0 0 0 0 4.99  0  0
371  92 2 0 0 0 0 1  3 0 0 0 0 4.99  3  4
372  92 3 0 1 0 0 2  5 2 1 0 5 4.99  3  6
373  92 4 0 1 0 1 1  6 0 0 0 0 5.57  7  6
374  92 5 0 0 0 0 2  9 0 0 0 0 3.94  7  6
375  93 1 0 0 0 0 2  1 0 1 0 5 5.76  0  0
376  93 2 0 1 0 1 2  3 0 1 0 5 5.76  0  0
377  93 3 0 1 0 0 2  5 0 1 0 5 5.76  0  0
378  93 4 0 0 0 0 1  8 0 0 0 0 5.76  0  2
379  94 1 0 0 0 0 0  1 2 0 0 2 4.21  2  0
380  94 2 0 1 1 0 2  2 0 1 0 5 4.21  4  1
381  94 3 0 0 0 0 1  5 3 1 0 5 4.21  5  2
382  94 4 0 0 0 0 0  7 0 0 0 0 4.86  8  2
383  95 1 1 1 0 0 1  1 0 0 0 0 3.80  0  0
384  95 2 1 0 0 0 0  4 2 0 0 4 3.80  0  0
385  95 3 1 1 0 0 1  5 2 0 0 4 3.80  2  0
386  96 1 1 0 0 0 2  1 0 0 0 0 5.21  0  0
387  96 2 1 0 0 0 0  4 0 0 0 0 5.21  0  0
388  96 3 1 0 0 0 0  6 0 1 0 5 5.21  0  1
389  96 4 1 0 0 0 0  8 0 1 0 5 4.15  0  1
390  96 5 1 1 0 1 2  9 1 1 1 5 5.71  1  1
391  97 1 1 0 0 0 2  1 0 1 0 5 4.78  0  0
392  97 2 1 0 0 0 0  4 0 0 0 0 4.78  1  0
393  97 3 1 0 0 0 0  6 0 0 0 0 3.82  1  0
394  97 4 1 0 0 0 2  8 0 1 0 5 2.63  1  0
395  98 1 1 0 0 0 2  1 0 0 0 0 3.37  0  0
396  98 2 1 1 0 0 0  4 0 0 0 0 3.37  0  1
397  98 3 1 0 0 0 0  7 0 0 0 0 3.37  0  5
398  98 4 1 0 0 0 0  9 0 0 0 0 4.93  2  9
399  99 1 1 0 0 0 2  1 0 0 0 0 4.76  0  3
400  99 2 1 0 0 0 2  4 0 0 0 0 4.76  0  6
401  99 3 1 1 0 0 1  6 0 0 0 0 4.76  3 10
402 100 1 0 0 0 0 2  1 0 0 0 0 3.80  0  0
403 100 2 0 1 0 0 1  4 0 0 0 0 3.80  0  2
404 100 3 0 0 1 0 1  7 0 1 0 5 3.80  0  6
405 100 4 0 0 0 0 1  9 0 0 0 1 3.80  2  8
406 101 1 0 0 0 0 2  1 0 0 0 0 5.21  0  0
407 101 2 0 1 0 0 2  3 0 1 0 5 5.21  0  1
408 101 3 0 0 0 0 1  5 1 0 0 2 5.21  2  5
409 101 4 0 0 0 0 1  7 0 0 0 0 4.33  3  6
410 102 1 0 1 0 1 2  8 0 0 0 0 5.71  9  3
411 103 1 0 0 0 0 2  1 0 0 0 0 3.37  0  0
412 103 2 0 0 0 0 0  4 1 0 0 4 3.37  1  1
413 103 3 0 1 1 1 1  5 4 0 0 4 3.37  2  3
414 103 4 0 0 0 0 0  7 0 0 0 0 4.72  7  3
415 103 5 0 0 0 0 0  9 2 1 0 5 3.82  9  3
416 104 1 0 0 0 0 1  1 0 0 0 2 4.76  1  0
417 104 2 0 0 0 0 0  4 2 0 0 4 4.76  2  1
418 104 3 0 1 1 0 1  5 5 1 0 5 4.76  5  1
419 104 4 0 0 0 0 0  7 0 0 0 1 2.63  9  3
420 104 5 0 1 0 0 2  9 0 1 0 5 3.43  9  4
421 105 1 0 0 1 0 1  1 0 1 1 5 4.73  0  0
422 105 2 0 0 0 0 0  3 1 0 0 3 4.73  1  0
423 105 3 0 0 0 0 0  5 0 1 0 5 4.73  4  2
424 105 4 0 0 0 0 1  6 1 0 0 0 4.73  9  2
425 105 5 0 1 0 0 0  8 1 0 0 1 4.72 10  4
426 106 1 0 0 1 0 1  1 1 0 0 2 3.10  0  0
427 106 2 0 1 0 0 1  3 0 0 0 0 3.10  1  2
428 106 3 0 0 0 0 2  5 0 0 0 0 3.10  1  2
429 106 4 0 0 0 0 0  8 0 0 0 0 3.10  2  2
430 107 1 1 1 0 0 1  1 2 0 0 1 4.03  0  4
431 107 2 1 0 0 0 0  3 0 0 0 0 4.03  4  2
432 107 3 1 0 1 0 1  5 1 0 0 2 4.03  2  4
433 107 4 1 1 0 0 2  6 0 1 0 5 4.03  5  4
434 107 5 1 1 1 0 1  8 2 0 0 0 4.11  5  5
435 107 6 1 0 0 0 2 10 0 1 0 5 4.28  7  7
436 108 1 1 0 0 0 2  1 1 0 0 4 4.95  0  0
437 108 2 1 0 0 0 1  3 0 0 0 0 4.95  2  0
438 108 3 1 0 0 0 2  5 0 0 0 0 4.95  2  1
439 108 4 1 0 0 0 2  7 0 0 0 2 4.67  3  1
440 110 1 1 0 0 0 2  1 0 0 0 0 4.40  0  0
441 110 2 1 0 0 0 1  4 0 0 0 0 4.40  0  0
442 110 3 1 0 0 0 2  6 0 1 0 5 4.40  2  0
443 110 4 1 0 0 0 1  9 2 1 0 5 4.24  2  2
444 111 1 1 0 0 0 2  1 0 1 0 5 4.58  0  1
445 111 2 1 0 0 0 0  4 0 0 0 0 4.58  0  1
446 111 3 1 1 0 0 1  6 2 0 0 4 4.58  0  5
447 112 1 1 0 0 0 2  1 0 0 0 0 4.55  0  2
448 112 2 1 0 0 0 0  3 0 0 0 0 4.55  3  2
449 112 3 1 1 1 1 2  4 2 0 0 2 4.55  4  2
450 112 4 1 0 0 0 0  7 0 0 0 1 4.24  6  4
451 112 5 1 0 1 0 2  8 0 1 1 5 3.90  8  4
452 113 1 0 1 0 0 1  1 1 0 0 2 4.74  0  0
453 113 2 0 1 1 0 1  3 1 0 0 1 4.74  2  0
454 113 3 0 0 0 0 0  6 0 0 0 0 4.74  3  1
455 113 4 0 0 0 0 2  8 0 1 0 5 3.57  3  3
456 113 5 0 0 0 0 0 11 6 0 0 4 3.39  3  3
457 114 1 0 0 0 0 2  1 0 0 0 0 4.54  0  0
458 114 2 0 0 0 0 1  3 0 0 0 0 4.54  2  0
459 114 3 0 0 0 0 2  5 3 1 0 5 4.54  2  2
460 114 4 0 0 0 0 1  7 0 0 0 0 4.02  5  9
461 114 5 0 1 1 1 2  8 1 1 0 5 4.67  6  9
462 115 1 0 0 1 0 1  1 0 0 0 0 5.42  0  0
463 115 2 0 0 0 0 1  3 1 0 0 4 5.42  2  2
464 115 3 0 0 0 0 1  5 1 0 0 0 5.42  4  2
465 115 4 0 1 0 0 2  7 0 0 0 0 4.67  4  3
466 115 5 0 1 1 0 0  9 0 0 0 0 3.57  7  6
467 118 1 0 1 0 0 1  1 0 0 0 0 4.35  0  0
468 118 2 0 0 0 0 2  2 0 1 0 5 4.35  4  0
469 118 3 0 0 0 0 0  5 0 0 0 0 4.35  4  0
470 118 4 0 0 1 0 0  7 2 0 0 0 3.89  5  1
471 118 5 0 0 0 0 0  9 0 0 0 2 4.74  7  6
472 119 1 1 1 0 0 1  1 3 1 0 5 5.10  0  1
473 119 2 1 1 1 0 2  2 2 1 0 5 5.10  1  3
474 119 3 1 1 1 0 2  3 0 0 0 0 5.71  6  3
475 119 4 1 0 1 0 1  5 0 1 1 5 5.71  6  5
476 119 5 1 1 1 1 1  6 4 0 0 4 5.71  9  5
477 120 1 1 0 0 0 2  1 0 0 0 0 4.12  0  0
478 120 2 1 0 0 0 1  4 0 0 0 0 4.12  0  0
479 120 3 1 0 0 0 0  7 0 0 0 0 4.12  1  0
480 120 4 1 0 0 0 1  9 1 0 0 0 4.68  1  1
481 121 1 1 1 0 0 1  1 0 1 0 5 3.90  0  0
482 121 2 1 0 0 0 0  4 1 0 0 4 3.90  0  1
483 121 3 1 1 0 0 0  6 0 0 0 0 3.90  1  1
484 121 4 1 1 1 0 0  8 3 0 0 4 3.90  2  3
485 122 1 1 0 0 0 2  1 0 0 0 0 2.85  0  0
486 122 2 1 0 0 0 0  4 0 0 0 1 2.85  0  0
487 122 3 1 0 0 0 1  6 1 0 0 0 2.85  0  0
488 122 4 1 0 0 0 0  8 0 0 0 0 3.36  1  2
489 123 1 1 0 0 0 2  1 0 1 0 5 3.98  0  2
490 123 2 1 0 0 0 1  3 0 0 0 1 3.98  0  2
491 123 3 1 0 0 0 0  6 0 0 0 0 3.98  0  3
492 123 4 1 0 0 0 1  8 1 0 0 4 3.98  0  3
493 124 1 1 1 0 0 1  1 0 1 0 5 3.36  0  0
494 124 2 1 0 0 0 2  3 0 0 0 0 3.36  0  0
495 124 3 1 0 1 0 2  5 2 1 1 5 3.36  1  1
496 124 4 1 1 0 0 0  7 0 0 0 0 3.36  3  1
497 125 2 0 0 0 0 1  4 1 1 0 5 4.44  0  6
498 125 3 0 0 0 0 2  6 0 0 0 0 4.44  1  7
499 125 4 0 0 0 0 1  9 0 0 0 1 3.74  1  7
500 126 1 0 1 0 0 1  1 0 1 0 5 4.44  0  0
501 127 1 0 0 0 0 1  9 5 0 0 4 3.27  5  5
502 128 1 0 1 1 0 2  1 1 1 0 5 4.30  0  0
503 128 2 0 0 0 0 2  3 0 0 0 1 4.30  1  0
504 128 3 0 0 0 0 0  6 0 0 0 0 4.30  1  3
505 128 4 0 0 0 0 1  8 0 0 0 0 2.75  3  4
506 129 1 0 0 0 0 2  1 0 1 0 5 4.39  0  0
507 129 2 0 0 0 0 2  3 0 1 0 5 4.39  1  2
508 129 3 0 0 0 0 1  6 0 0 0 0 4.39  1  2
509 129 4 0 0 0 0 2  8 1 0 0 1 3.95  1  2
510 129 5 0 0 0 0 2 10 0 0 0 0 3.18  2  2
511 130 1 0 0 0 1 1  1 1 0 0 0 3.63  0  0
512 130 2 0 0 0 0 1  4 1 0 0 3 3.63  1  3
513 130 3 0 0 0 0 0  6 0 1 0 5 3.63  3  3
514 130 4 0 1 0 0 0  8 0 0 0 0 3.63  3  6
515 131 1 0 1 0 0 1  1 0 0 0 1 3.61  0  0
516 131 2 0 1 0 0 1  3 0 0 0 5 3.61  0  1
517 131 3 0 0 0 0 0  5 1 0 0 4 3.61  2  1
518 131 4 0 0 0 0 0  7 1 0 0 2 3.61  2  3
519 131 5 0 0 0 0 0  9 2 0 0 0 3.69  4  4
520 132 1 0 0 0 0 2  1 0 1 0 5 3.10  0  0
521 132 2 0 0 0 0 0  4 0 0 0 0 3.10  0  4
522 132 3 0 0 1 0 2  5 0 1 0 5 3.10  1  4
523 132 4 0 0 0 0 0  8 0 0 0 0 3.10  1  4
524 133 1 0 0 0 0 2  1 0 0 0 1 4.83  0  0
525 133 2 0 0 0 0 2  3 0 0 0 0 4.83  0  0
526 133 3 0 0 0 0 1  6 0 0 0 0 3.82  0  2
527 133 4 0 0 1 0 2  8 0 1 1 5 2.63  0  2
528 134 1 0 0 0 0 2  1 0 0 0 0 4.78  0  0
529 134 2 0 0 0 0 0  3 0 0 0 1 4.78  2  1
530 134 3 0 1 0 0 0  5 0 1 0 5 4.22  5  2
531 134 4 0 1 1 0 2  6 0 1 0 5 4.22  6  2
532 134 5 0 1 0 0 0  8 6 1 0 5 4.93  7  2
533 135 1 1 1 0 0 1  1 0 0 0 0 5.00  0  5
534 135 2 1 1 0 0 2  3 0 0 0 0 5.00  0  5
535 135 3 1 1 0 0 2  5 0 0 0 0 5.00  0  5
536 135 4 1 0 1 0 1  8 2 0 0 4 5.00  0  5
537 136 1 1 0 1 0 1  8 0 1 1 5 3.80  1  1
538 137 1 1 0 1 0 1  1 1 1 1 5 5.21  1  1
539 137 2 1 1 0 0 1  3 0 0 0 0 5.21  2  1
540 137 3 1 0 0 0 0  6 1 0 0 0 5.21  2  2
541 137 4 1 0 0 0 0  8 0 0 0 0   NA  3  2
542 138 1 1 1 0 0 1  1 0 0 0 0 4.56  0  0
543 138 2 1 0 0 0 0  4 1 0 0 4 4.56  0  2
544 138 3 1 1 0 0 0  6 0 0 0 0 4.56  1  5
545 138 4 1 1 0 0 2  8 0 0 0 0 4.56  1  5
546 139 1 1 1 0 0 1  1 0 0 0 1 4.83  0  0
547 139 2 1 0 0 0 0  4 1 1 0 5 4.83  0  1
548 139 3 1 0 0 0 2  5 0 1 0 5 4.83  2  2
549 139 4 1 0 0 0 2  7 1 0 0 4 3.82  4  3
550 140 1 1 1 0 0 1  1 0 0 0 0 3.37  0  0
551 140 2 1 1 0 0 1  3 0 1 0 5 3.37  1  2
552 140 3 1 0 0 0 0  6 0 0 0 0 3.37  1  5
553 141 1 1 1 0 0 1  1 4 1 0 5 4.73  0  2
554 141 2 1 0 0 0 2  2 1 0 0 4 4.73  4  2
555 141 3 1 0 0 0 1  4 0 0 0 0 4.73  5  3
556 141 4 1 1 0 0 1  6 1 0 0 0 4.72  7  3
557 141 5 1 0 0 0 1  8 0 0 0 0 4.99  8  3
558 142 1 0 1 0 0 1  1 0 1 0 5 5.21  0  0
559 142 2 0 0 0 0 2  3 0 0 0 1 5.21  0  1
560 142 3 0 0 0 0 2  5 0 0 0 1 5.21  1  1
561 142 4 0 1 0 0 0  8 1 0 0 2 4.15  1  2
562 142 5 0 0 0 0 1 10 0 1 0 5 3.81  2  2
563 142 6 0 0 0 0 2 12 0 1 0 5 4.33  2  2
564 143 1 0 0 1 0 1  1 2 0 0 0 4.56  0  0
565 143 2 0 1 0 0 0  3 2 0 0 1 4.56  2  2
566 143 3 0 0 0 0 0  5 0 0 0 0 4.56  4  3
567 143 4 0 1 1 1 2  6 0 0 0 0 4.15  4  3
568 143 5 0 0 0 0 2  8 0 0 0 0 4.33  6  3
569 144 1 0 0 0 0 1  1 2 0 0 4 4.91  1  0
570 144 2 0 0 0 0 0  3 0 0 0 0 4.91  3  0
571 144 3 0 0 0 0 2  5 1 0 0 4 4.91  3  1
572 144 4 0 0 0 0 0  8 0 1 0 5   NA  3  3
573 144 5 0 0 0 0 0 10 0 0 0 0 6.39  3  3
574 144 6 0 1 1 0 1 11 3 0 0 4 6.39  5  3
575 145 1 1 0 0 0 2  1 0 1 0 5 2.62  0  0
576 145 2 1 1 0 0 0  3 0 0 0 0 5.94  1  0
577 145 3 1 1 0 0 1  5 0 0 0 0 5.94  1  0
578 145 4 1 0 0 0 1  7 0 0 0 0 4.89  2  1
579 146 1 1 0 0 0 2  1 0 0 0 0 4.63  0  4
580 146 2 1 0 0 0 2  4 0 1 0 5 4.63  0  4
581 146 3 1 0 0 0 2  6 0 0 0 1 4.63  0  6
582 146 4 1 1 0 0 1  8 0 0 0 0 3.33  7  0
583 147 1 1 0 1 0 0  1 1 0 0 2 4.38  1  0
584 147 2 1 1 0 0 1  3 0 0 0 0 4.38  3  2
585 147 3 1 1 0 0 2  5 2 0 0 4 4.38  4  2
586 147 4 0 1 0 0 2  7 0 0 0 0 3.37  2  0
587 147 4 1 0 0 0 2  7 0 1 0 5 4.38  4  2
588 147 5 1 1 0 0 1  9 0 1 0 5 4.47  4  4
589 148 1 0 1 0 0 1  1 0 1 0 5 3.37  0  0
590 148 2 0 0 0 0 2  3 0 0 0 0 3.37  0  0
591 148 3 0 1 0 1 1  5 1 0 0 1 3.37  1  0
592 149 1 0 0 0 0 2  1 1 0 0 2 4.30  0  0
593 149 2 0 0 0 0 1  3 0 0 0 0 4.30  2  0
594 149 3 0 1 0 0 2  5 0 0 0 0 4.30  2  0
595 149 4 0 0 0 0 1  8 0 0 0 0 2.68  2  3
596 150 1 0 0 0 1 1  1 3 1 0 5 6.33  0  0
597 150 2 0 0 0 0 2  2 1 0 0 4 4.18  3  0
598 150 3 0 0 0 0 1  4 2 0 0 4 4.18  6  1
599 150 4 0 0 0 0 0  6 1 0 0 0 6.48  8  2
600 150 5 0 1 1 0 0  7 1 0 0 0 6.48  9  2
601 151 1 0 0 0 1 1  1 0 1 0 5 5.00  0  0
602 151 2 0 0 1 0 1  3 1 0 0 0 5.00  0  0
603 151 3 0 0 1 0 1  5 0 1 1 5 5.00  1  0
604 151 4 0 0 0 0 2  7 1 0 0 4 5.00  1  0
605 151 5 0 0 0 0 2  9 0 0 0 0 3.04  2  1
606 152 1 0 0 0 0 1  1 0 1 0 5 3.83  1  0
607 152 2 0 0 0 0 1  3 0 1 0 5 3.83  1  0
608 152 3 0 0 0 0 2  5 0 0 0 0 3.83  1  0
609 152 4 0 1 1 0 1  7 3 0 0 0 3.04  2  7
610 152 5 0 0 1 0 2  8 0 0 0 0 3.38  5  8
611 153 1 0 1 0 0 1  1 0 0 0 0 4.33  0  0
612 153 2 0 0 0 0 2  3 0 0 0 1 4.33  1  1
613 153 3 0 0 0 0 2  5 0 1 0 5 4.33  2  3
614 153 4 0 1 1 0 1  7 0 1 1 5 5.61  2  3
615 153 5 0 0 1 0 0  9 3 1 0 5 3.54  3  4
616 154 1 1 1 0 0 0  1 0 1 0 5 4.18  1  0
617 154 2 1 0 0 0 2  2 1 0 0 4 4.18  3  0
618 154 3 1 0 0 0 2  4 0 1 0 5 4.18  4  0
619 154 4 1 0 0 0 0  6 2 0 0 0 4.09  5  1
620 154 5 1 1 1 0 1  7 2 0 0 2 4.09  8  2
621 155 1 1 0 0 0 2  1 0 1 0 5 6.48  0  1
622 155 2 1 0 0 0 0  4 1 0 0 0 6.48  0  1
623 155 3 1 0 0 0 0  6 2 0 0 4 3.90  1  1
624 155 4 1 0 0 0 0  8 0 0 0 0 4.50  3  1
625 156 1 1 1 0 0 1  1 1 1 0 5 4.24  0  0
626 156 2 1 0 0 0 1  3 0 0 0 0 4.24  2  2
627 156 3 1 1 0 1 0  5 2 1 0 5 4.24  2  4
628 156 4 1 1 0 0 1  7 0 1 0 5 4.50  4  5
629 157 1 0 1 0 0 1  1 0 1 0 5 3.92  0  0
630 157 2 0 0 1 0 0  4 1 1 0 5 3.92  0  1
631 157 3 0 0 0 0 0  6 1 0 0 1 3.92  2  1
632 157 4 0 1 0 1 2  7 0 1 1 5 3.92  3  1
633 157 5 0 0 0 0 2  9 0 0 0 0 2.76  4  1
634 158 1 0 0 0 0 2  1 0 0 0 0 5.94  0  0
635 158 2 0 0 0 0 1  4 2 1 0 5 5.94  0  2
636 158 3 0 0 0 0 0  6 2 1 0 5 4.89  2  2
637 158 4 0 1 1 0 2  7 3 1 1 5 3.71  4  3
638 158 5 0 1 1 0 2  8 2 0 0 1 3.33  8  3
639 160 1 1 0 0 0 2  1 1 0 0 4 3.83  0  5
640 160 2 1 0 0 0 0  3 1 0 0 4 3.83  4  8
641 160 3 1 0 1 1 2  4 3 1 1 5 3.83  5  9
642 160 4 1 0 0 0 1  6 0 0 0 0 5.61 10 10
643 160 5 1 0 0 0 2  8 0 1 0 5 3.38 10 11
644 161 1 1 1 0 0 1  9 2 0 0 1 3.38  0  6
645 162 1 1 1 0 0 1  1 1 0 0 4 5.08  0  0
646 162 2 1 0 1 0 2  3 0 0 0 2 5.08  1  0
647 162 3 1 1 0 0 1  6 0 0 0 0 5.08  1  1
648 162 4 1 1 0 0 1  8 0 0 0 0 4.33  2  1
