game appearance home first second third outs inning runs walk intentional result era giants opposing
1 1 1 1 0 0 1 1 0 0 0 0 4.2 0 0
1 2 1 0 1 0 1 3 0 1 1 5 4.2 0 0
1 3 1 0 0 0 1 5 1 0 0 4 4.2 1 0
1 4 1 1 0 1 2 6 0 1 0 5 5.49 3 1
1 5 1 0 0 0 2 8 0 0 0 0 4 3 2
2 1 1 0 0 0 2 1 0 0 0 0 5.75 0 0
2 2 1 1 1 0 2 3 0 0 0 0 5.75 0 3
2 3 1 0 1 0 2 5 0 0 0 0 5.75 1 4
2 4 1 1 0 0 1 7 3 0 0 2 4 4 5
2 5 1 1 0 0 2 8 0 1 0 5 5.21 7 6
3 1 1 0 0 0 2 1 0 0 0 0 4.3 0 1
3 2 1 1 0 0 2 3 3 0 0 1 4.3 1 1
3 3 1 1 0 0 2 5 0 0 0 0 4.3 4 2
3 4 1 0 0 0 2 7 0 0 0 0 5.49 7 2
4 1 0 1 0 0 1 1 0 0 0 0 5.11 0 0
4 2 0 0 0 0 1 4 0 0 0 0 5.11 0 5
4 3 0 0 0 0 1 7 0 0 0 0 5.11 0 7
4 4 0 0 0 0 2 9 0 0 0 0 3.7 1 10
5 1 0 0 0 0 2 1 0 0 0 1 3.83 0 0
5 2 0 0 0 0 1 3 0 0 0 0 3.83 2 2
5 3 0 1 1 0 0 5 2 0 0 0 3.83 2 8
5 4 0 0 0 0 1 7 0 0 0 0 3.38 4 10
6 1 0 0 0 1 1 1 0 0 0 0 4.38 0 0
6 2 0 0 0 0 1 3 0 0 0 0 4.38 2 0
6 3 0 0 0 0 2 5 0 0 0 0 4.38 4 1
6 4 0 0 0 0 0 7 0 0 0 0 4.5 8 1
6 5 0 1 0 0 2 9 0 0 0 0 3.54 8 3
7 1 0 1 0 1 0 1 4 0 0 0 5.75 0 0
7 2 0 1 0 0 0 3 4 0 0 0 5.75 4 0
7 3 0 0 0 0 0 5 0 0 0 0 5.21 8 0
7 4 0 0 0 1 2 7 1 0 0 0 5.49 8 0
7 5 0 0 0 0 0 9 0 0 0 0 5.49 11 6
9 1 0 1 0 0 0 1 0 0 0 0 4.22 0 0
9 2 0 0 0 0 1 4 1 0 0 4 4.22 0 0
9 3 0 0 0 0 1 6 2 0 0 0 4.22 1 3
9 4 0 0 0 0 1 8 0 1 0 5 4.2 3 8
10 1 0 1 0 0 1 1 2 0 0 4 5.16 0 0
10 2 0 1 0 0 0 3 2 0 0 0 5.16 2 3
10 3 0 1 1 1 0 4 1 0 0 0 4.36 5 3
10 4 0 1 0 0 1 6 0 0 0 2 5.35 6 3
10 5 0 1 1 0 1 8 1 1 0 5 4.74 6 3
11 1 0 1 0 0 1 1 1 0 0 2 5.45 0 0
11 2 0 0 0 0 0 3 0 0 0 0 5.45 1 1
11 3 0 1 1 0 1 5 5 0 0 4 5.45 1 7
11 4 0 1 0 0 0 6 0 0 0 0 4.36 6 7
11 5 0 1 0 0 1 8 0 1 0 5 3.25 6 9
12 1 0 0 0 0 2 1 0 0 0 0 5.45 0 0
12 2 0 0 0 0 0 4 0 1 0 5 5.45 1 0
12 3 0 0 0 0 2 6 0 0 0 0 5.45 2 0
12 4 0 0 0 0 2 8 1 0 0 4 4.74 2 4
13 1 1 1 0 1 0 1 1 0 0 0 4.38 1 0
13 2 1 0 0 0 2 3 0 0 0 0 4.38 1 1
13 3 1 0 0 0 0 6 0 0 0 0 4.38 1 2
13 4 1 0 0 1 0 8 2 0 0 4 4.04 1 2
14 1 1 0 0 0 2 1 0 0 0 0 3.83 0 0
14 2 1 0 0 0 1 3 0 0 0 0 3.83 2 1
14 3 1 1 0 1 2 5 0 0 0 0 3.83 2 2
14 4 1 0 0 0 2 7 1 0 0 4 3.83 4 4
15 1 1 0 0 0 2 1 0 0 0 1 4.38 0 1
15 2 1 0 0 0 2 3 0 0 0 0 4.38 1 1
15 3 1 0 0 0 0 6 0 0 0 0 4.38 1 8
16 1 1 0 0 0 2 1 0 0 0 0 5.45 0 0
16 2 1 1 0 0 1 4 2 0 0 4 5.45 0 1
16 3 1 0 0 0 2 6 0 0 0 0 5.45 2 1
16 4 1 0 0 1 2 8 0 1 1 5 4.74 3 1
17 1 1 1 1 0 1 9 0 0 0 0 3.55 3 6
18 1 1 0 1 0 1 1 0 1 0 5 4.14 0 0
18 2 1 0 0 0 0 4 0 0 0 0 4.14 0 3
18 3 1 1 1 0 1 5 2 1 0 5 5.35 3 3
18 4 1 0 0 0 1 7 1 0 0 0 4.57 5 4
19 1 1 0 1 0 1 1 0 1 0 5 4.67 0 2
19 2 1 0 1 0 1 3 2 0 0 4 4.67 1 3
19 3 1 0 0 0 0 6 2 0 0 0 4.67 3 8
19 4 1 0 0 0 1 8 0 1 0 5 3.97 5 9
20 1 1 0 1 1 0 1 2 0 0 2 4.93 0 0
20 2 1 1 0 1 2 2 0 0 0 0 4.93 2 0
20 3 1 0 1 0 2 4 0 1 0 5 4.93 4 6
20 4 1 1 0 0 2 6 0 0 0 0 3.57 4 6
20 5 1 0 0 0 2 8 0 0 0 0 2.39 5 6
21 1 1 0 0 0 2 1 0 1 0 5 3.89 0 0
21 2 1 1 0 1 1 2 1 0 0 2 3.89 2 0
21 3 1 1 1 0 1 4 0 0 0 0 3.89 3 0
21 4 1 0 1 0 1 6 0 0 0 0 4.32 3 1
21 5 1 1 0 0 2 8 2 0 0 4 3.57 3 7
22 1 1 0 0 0 2 1 0 0 0 0 3.74 0 4
22 2 1 1 1 0 2 3 2 1 0 5 3.74 1 5
22 3 1 0 0 0 2 5 0 0 0 0 3.74 3 5
24 1 1 0 0 0 2 1 0 0 0 0 5.14 0 1
24 2 1 0 0 0 2 4 1 0 0 4 5.14 0 1
24 3 1 1 0 0 1 6 0 0 0 0 5.47 1 6
24 4 1 1 0 0 0 8 0 0 0 0 4.74 2 7
25 1 0 0 0 0 2 1 0 1 0 5 3.67 0 0
25 2 0 1 0 0 1 3 3 1 0 5 3.67 1 0
25 3 0 1 0 1 1 4 3 1 0 5 4.33 5 2
25 4 0 0 0 0 0 6 0 1 0 5 4.95 9 3
25 5 0 1 1 0 1 7 1 0 0 0 4.95 10 3
26 1 0 0 1 0 1 1 1 0 0 0 4.28 0 0
26 2 0 1 0 0 1 3 0 0 0 0 4.28 1 0
26 3 0 1 0 0 2 5 2 0 0 4 4.28 1 4
26 4 0 0 0 0 1 7 0 0 0 0 5.48 6 5
26 5 0 0 0 0 1 9 0 0 0 0 4.33 7 5
27 1 0 1 0 0 1 1 2 0 0 4 5.07 0 0
27 2 0 1 0 0 2 3 0 1 0 5 5.07 2 0
27 3 0 1 0 0 0 5 0 0 0 1 5.07 3 1
27 4 0 0 0 0 1 7 0 0 0 1 5.07 3 3
27 5 0 1 1 0 2 9 0 1 0 5 4.26 3 4
28 1 0 0 0 0 2 1 0 1 0 5 4.3 0 0
28 2 0 0 0 0 2 3 0 0 0 0 4.3 0 1
28 3 0 1 0 0 1 6 3 0 0 4 4.3 0 2
28 4 0 0 0 0 0 8 0 1 0 5 4.6 4 2
29 1 0 1 0 0 1 1 0 0 0 0 4.57 0 0
29 2 0 0 0 0 0 3 0 1 0 5 4.57 1 0
29 3 0 0 0 0 0 5 1 1 0 5 4.57 1 0
29 4 0 1 0 0 1 6 0 0 0 0 4.57 2 0
29 5 0 0 0 0 1 9 0 0 0 0 4.28 2 4
30 1 0 1 0 0 1 8 0 0 0 0 4 8 10
31 1 1 0 0 0 2 1 0 1 0 5 4.02 0 0
31 2 1 0 0 0 1 4 0 1 0 5 4.02 0 0
31 3 1 1 0 0 2 6 4 1 0 1 4.02 0 0
31 4 1 1 0 1 0 8 2 0 0 1 4.71 4 2
32 1 1 0 0 0 2 1 1 1 0 5 5.04 0 0
32 2 1 1 0 0 0 3 2 0 0 0 5.04 1 1
32 3 1 0 0 1 2 4 0 1 0 5 5.04 3 1
32 4 1 0 0 0 2 5 0 0 0 0 4.04 5 1
33 1 1 1 0 0 1 1 0 0 0 0 4.44 0 0
33 2 1 1 1 0 1 3 0 0 0 0 4.44 0 5
33 3 1 0 0 0 2 5 0 0 0 0 4.44 0 5
35 1 1 0 1 1 0 1 1 0 0 0 4.39 0 0
35 2 1 0 0 0 0 4 1 0 0 4 4.39 1 1
35 3 1 1 0 0 1 6 0 1 0 5 4.39 2 2
35 4 1 1 0 0 0 8 0 0 0 0 4.39 2 2
35 5 1 0 0 0 0 10 1 0 0 5 4.39 2 2
36 1 1 1 1 0 0 1 3 1 0 5 4.88 0 0
36 2 1 0 0 0 0 3 1 0 0 2 4.88 3 0
36 3 1 0 0 0 1 5 0 0 0 0 5.45 5 1
36 4 1 1 1 1 1 6 2 0 0 2 3.69 7 1
37 1 1 0 0 0 2 1 0 0 0 0 3.61 0 0
37 2 1 0 0 0 2 3 0 0 0 0 3.61 3 2
37 3 1 1 1 1 2 5 1 0 0 2 3.61 5 2
37 4 1 0 0 0 2 7 0 0 0 0 3.9 6 2
38 1 0 1 0 0 1 1 1 1 0 5 4.59 0 0
38 2 0 1 1 0 0 3 5 0 0 2 4.59 1 2
38 3 0 0 0 0 1 4 0 0 0 0 4.51 5 2
38 4 0 1 0 0 1 6 0 0 0 0 4.37 7 2
38 5 0 1 0 0 0 8 0 0 0 0 4.85 7 4
39 1 0 1 1 0 0 1 1 0 0 0 4.8 0 0
39 2 0 0 0 0 2 3 0 0 0 0 4.8 1 0
39 3 0 0 0 0 2 6 0 0 0 0 4.8 1 2
39 4 0 1 0 0 2 8 0 0 0 1 4.68 3 4
40 1 0 0 0 0 2 1 0 1 0 5 3.84 0 0
40 2 0 0 0 1 1 3 2 0 0 4 3.84 1 0
40 3 0 0 0 1 1 5 0 0 0 0 3.84 3 3
40 4 0 0 0 0 0 8 0 0 0 0 4.78 3 8
41 1 0 0 1 0 1 1 1 1 1 5 2.85 0 0
41 2 0 0 0 0 0 3 0 0 0 0 2.85 3 2
41 3 0 1 0 1 0 5 0 0 0 0 2.85 4 4
41 4 0 0 0 0 1 8 1 0 0 4 3.96 4 4
42 1 0 1 0 0 1 1 0 0 0 2 4.7 0 0
42 2 0 0 0 0 0 3 1 0 0 4 4.7 1 1
42 3 0 0 0 0 0 5 0 0 0 0 4.7 2 2
42 4 0 0 0 0 0 7 2 0 0 4 3.78 2 3
42 5 0 0 0 0 2 8 1 0 0 4 3.98 4 3
43 1 0 0 0 0 2 1 1 0 0 4 4.21 0 0
43 2 0 1 0 1 0 3 1 1 0 5 4.21 2 0
43 3 0 0 0 0 1 5 0 1 0 5 4.21 3 2
43 4 0 0 0 0 1 7 1 0 0 4 3.96 3 7
44 1 0 1 0 0 1 1 0 0 0 0 3.37 0 0
44 2 0 0 0 0 0 4 1 0 0 4 3.37 0 1
44 3 0 0 0 0 1 6 1 0 0 0 3.37 1 3
44 4 0 0 0 0 2 8 0 0 0 0 3.37 2 4
45 1 0 0 0 0 2 1 0 1 0 5 4.76 0 0
45 2 0 0 1 0 2 3 0 1 1 5 4.76 0 2
45 3 0 1 0 0 2 5 0 0 0 1 4.76 1 3
45 4 0 0 0 0 0 7 0 0 0 0 3.43 4 8
45 5 0 0 1 0 0 9 3 0 0 4 5.08 5 12
46 1 0 1 0 0 1 1 1 0 0 0 3.1 1 0
46 2 0 1 1 0 0 3 2 0 0 1 3.1 2 0
46 3 0 0 0 0 0 6 0 0 0 1 4.72 4 1
46 4 0 1 0 0 1 8 0 0 0 0 4.93 4 1
47 1 1 0 0 0 2 1 2 1 0 5 5 0 0
47 2 1 0 0 0 2 3 1 0 0 4 5 3 1
47 3 1 0 0 0 2 5 0 0 0 0 5 5 1
47 4 1 1 1 0 2 7 0 0 0 0 4.98 5 1
48 1 1 0 0 1 2 1 0 1 0 5 3.8 0 3
48 2 1 0 0 0 1 4 0 0 0 0 3.8 0 3
48 3 1 0 0 0 1 6 1 1 0 5 3.8 0 3
48 4 1 1 1 0 0 8 0 0 0 1 4.15 1 6
50 1 1 1 0 0 1 1 2 0 0 4 4.09 1 0
50 2 1 1 0 0 1 3 0 0 0 0 4.09 3 2
50 3 1 0 0 0 0 6 0 0 0 0 4.09 4 3
50 4 1 0 0 0 1 8 0 1 0 0 4.98 5 3
51 1 1 0 1 0 2 1 0 1 0 5 3.1 0 0
51 2 1 0 0 0 0 4 0 0 0 0 3.1 0 0
51 3 1 1 1 0 0 6 0 0 0 0 3.1 0 0
51 4 1 0 0 0 2 8 0 0 0 0 5.04 0 0
51 5 1 1 0 0 1 10 0 0 0 0 3.82 1 1
52 1 1 0 0 1 1 1 0 1 1 5 4.73 0 0
52 2 1 0 1 0 2 3 0 1 1 5 4.73 0 0
52 3 1 1 0 0 0 6 0 0 0 0 4.73 0 0
52 4 1 0 1 0 2 8 0 1 1 5 5.04 0 0
52 5 1 1 0 0 0 11 0 0 0 0 4.72 0 0
52 6 1 1 0 0 1 13 0 0 0 0 3.43 0 0
52 7 1 0 0 0 2 16 0 0 0 0 4.78 0 0
52 8 1 1 1 0 0 18 0 0 0 0 4.78 0 1
53 1 1 0 0 0 0 2 1 0 0 4 5.47 0 2
53 2 1 0 0 0 1 4 0 1 0 5 5.47 1 4
53 3 1 0 1 0 1 6 2 0 0 4 5.47 1 4
53 4 1 0 0 0 2 8 0 0 0 0 3.43 3 4
54 1 0 0 1 0 2 1 0 1 1 5 5.21 0 0
54 2 0 1 0 0 1 3 2 0 0 4 5.21 1 0
54 3 0 0 1 0 1 4 2 1 1 5 5.21 5 4
54 4 0 1 0 0 2 6 4 1 0 5 4.72 7 5
54 5 0 0 0 0 1 8 0 0 0 0 5.71 11 7
55 1 0 0 1 0 2 1 1 1 0 5 4.09 0 0
55 2 0 0 0 0 2 3 0 0 0 0 4.09 1 2
55 3 0 0 1 0 1 5 0 0 0 0 4.09 2 3
55 4 0 1 1 0 0 7 2 0 0 0 4.15 2 3
55 5 0 1 0 0 1 9 1 1 0 5 4.33 4 3
56 1 0 0 0 0 0 1 0 0 0 0 4.46 0 0
56 2 0 0 0 0 2 4 0 0 0 0 4.46 0 6
56 3 0 1 0 0 0 7 2 0 0 0 4.46 0 11
57 1 1 0 0 1 1 1 1 0 0 0 4.3 1 0
57 2 1 0 0 0 0 4 1 0 0 4 4.3 2 0
57 3 1 0 1 0 2 5 0 1 1 5 4.3 3 0
57 4 1 1 0 0 1 7 0 0 0 1 4.3 3 0
58 1 1 0 0 0 0 2 1 0 0 1 6.56 0 2
58 2 1 1 0 0 1 3 2 0 0 4 6.56 1 4
58 3 1 1 0 0 2 4 0 1 0 5 4.09 4 4
58 4 1 1 0 1 1 6 2 1 0 5 4.5 5 5
58 5 1 1 0 0 0 8 0 0 0 0 5.21 7 5
60 1 1 0 0 0 2 1 0 1 0 5 4.22 0 4
60 2 1 1 0 0 1 3 1 0 0 2 4.22 1 6
60 3 1 0 0 0 2 5 0 0 0 0 4.22 2 6
60 4 1 1 0 0 2 7 2 0 0 4 3.37 4 10
60 5 1 0 0 0 2 9 0 0 0 0 2.77 7 10
61 1 0 0 0 0 2 1 0 0 0 0 4.46 0 0
61 2 0 1 0 0 1 3 0 0 0 0 4.46 1 1
61 3 0 0 0 0 1 5 0 1 0 5 4.46 2 4
61 4 0 0 0 0 0 8 0 1 0 5 3.46 2 4
62 1 0 0 0 0 2 1 0 0 0 0 4.11 0 0
62 2 0 0 0 0 2 4 0 1 0 5 4.11 0 2
62 3 0 0 1 0 0 7 2 0 0 0 4.11 0 3
62 4 0 0 0 1 1 9 1 0 0 0 4.02 2 3
62 5 0 0 1 0 0 11 1 1 1 5 3.76 3 3
63 1 0 0 0 0 2 1 0 0 0 0 4.28 0 0
63 2 0 0 0 0 2 4 0 0 0 0 4.28 0 2
63 3 0 0 1 0 0 7 1 0 0 1 4.28 0 3
63 4 0 0 0 0 0 9 0 1 0 5 3.24 2 6
64 1 1 0 0 0 2 1 1 0 0 4 4.68 0 0
64 2 1 0 0 0 1 3 0 0 0 0 4.68 2 0
64 3 1 1 0 0 0 5 0 0 0 1 4.68 3 1
64 4 1 0 0 0 2 7 0 0 0 0 4.68 3 1
65 1 1 1 0 0 1 1 0 0 0 0 5.34 0 0
65 2 1 0 0 0 0 4 0 0 0 0 5.34 0 0
65 3 1 0 0 0 1 6 0 0 0 0 5.34 0 0
65 4 1 1 0 0 1 8 0 0 0 1 3.84 1 0
66 1 1 0 0 0 2 1 2 1 0 5 3.7 0 1
66 2 1 0 0 0 2 2 0 0 0 2 3.7 3 1
66 3 1 0 1 1 1 4 4 1 1 5 3.7 4 2
66 4 1 0 0 0 1 6 2 0 0 4 3.41 8 3
66 5 1 1 0 0 0 8 0 0 0 0 4.15 10 4
67 1 1 0 0 0 2 1 1 0 0 4 4.28 0 0
67 2 1 0 0 0 2 3 0 0 0 1 4.28 2 0
67 3 1 0 0 0 0 6 1 0 0 4 4.28 2 1
67 4 1 0 0 0 0 8 0 1 0 5 4.18 3 1
68 1 1 0 0 0 2 1 0 0 0 0 4.11 0 0
68 2 1 0 0 0 1 4 0 0 0 0 4.11 0 0
68 3 1 0 0 0 0 7 0 1 0 5 4.11 0 1
69 1 1 0 0 0 2 1 0 0 0 0 3.58 0 0
69 2 1 1 0 0 2 3 0 1 0 5 3.58 2 0
69 3 1 0 0 0 1 5 0 0 0 0 3.58 2 0
69 4 1 0 0 0 1 7 0 0 0 0 4.18 2 0
70 1 0 0 0 0 2 1 0 0 0 1 4.22 0 0
70 2 0 1 1 0 0 3 1 0 0 0 4.22 0 0
70 3 0 0 0 0 1 5 1 0 0 4 4.22 1 0
70 4 0 0 0 1 2 7 0 1 1 5 4.22 2 0
70 5 0 0 0 0 1 9 0 0 0 0 4.09 3 0
70 6 0 0 0 0 0 12 0 1 0 5 4.2 3 3
70 7 0 1 0 0 0 14 0 0 0 1 4.2 3 3
71 1 0 0 0 1 1 1 0 0 0 0 5.75 0 0
71 2 0 0 0 0 2 3 0 0 0 0 5.75 3 0
71 3 0 0 1 1 0 6 2 1 1 5 5.75 3 0
71 4 0 1 0 0 0 8 3 0 0 4 4.99 5 3
71 5 0 1 0 1 0 9 0 0 0 0 4.09 8 3
73 1 0 1 0 0 1 1 2 1 0 5 4.22 0 0
73 2 0 0 1 1 1 2 5 1 1 5 4.22 3 1
73 3 0 1 0 0 2 3 0 1 0 5 3.92 8 1
73 4 0 1 0 0 1 5 0 0 0 0 3.67 8 1
73 5 0 0 1 0 0 8 0 0 0 0 4.08 9 3
74 1 0 0 0 1 1 1 2 0 0 4 4.15 0 0
74 2 0 0 1 0 2 3 0 0 0 0 4.15 2 0
74 3 0 0 0 0 0 6 0 0 0 0 4.15 3 2
74 4 0 0 0 0 0 8 1 1 0 5 3.52 3 2
74 5 0 0 1 0 1 9 0 1 1 5 3.35 5 5
75 1 0 0 0 0 2 1 0 0 0 0 3.09 0 0
75 2 0 0 0 0 1 3 0 0 0 0 3.09 1 0
75 3 0 0 0 0 0 5 0 0 0 0 3.09 2 1
75 4 0 0 0 0 0 7 1 0 0 0 4.08 2 6
75 5 0 0 0 0 1 9 0 1 0 5 3.52 3 7
76 1 1 0 0 0 2 1 2 1 0 5 3.83 0 1
76 2 1 0 0 0 2 3 0 0 0 0 3.83 2 1
76 3 1 0 0 0 1 6 0 0 0 0 3.83 3 2
76 4 1 1 1 0 1 8 2 1 0 5 3.38 3 2
77 1 1 1 0 0 1 1 0 0 0 0 3.19 0 4
77 2 1 0 0 0 0 3 0 0 0 0 3.19 2 5
77 3 1 0 1 0 2 5 0 0 0 0 3.19 2 5
77 4 1 1 0 0 2 6 1 1 0 5 6.61 7 5
77 5 1 0 0 0 2 8 0 0 0 0 3.86 8 10
78 1 1 1 0 0 1 1 1 0 0 2 4.04 0 0
78 2 1 1 0 1 2 2 0 0 0 0 4.04 3 0
78 3 1 1 1 1 2 4 0 0 0 0 4.04 3 3
78 4 1 0 0 0 0 7 0 0 0 0 4.04 3 7
78 5 1 1 0 0 1 9 0 0 0 0 3.38 3 7
79 1 1 0 0 0 2 1 0 1 0 5 4.15 0 0
79 2 1 0 0 0 0 4 0 0 0 0 4.15 0 0
79 3 1 1 1 0 2 5 0 1 0 5 4.15 2 1
79 4 1 0 0 0 0 8 1 1 0 5 3.52 2 2
81 1 1 0 0 0 2 1 0 1 0 5 4.05 0 1
81 2 1 0 0 0 2 2 0 1 0 5 4.05 5 4
81 3 1 0 1 0 2 4 0 1 0 5 4.47 5 4
81 4 1 0 0 0 0 7 0 0 0 2 3.92 5 4
82 1 0 0 0 0 2 1 0 0 0 0 4.04 0 0
82 2 0 1 0 0 2 3 0 0 0 0 4.04 2 2
82 3 0 1 1 0 0 6 3 0 0 0 4.04 2 5
82 4 0 0 0 0 1 8 0 0 0 0 3.38 6 7
83 1 0 1 0 0 1 1 0 1 0 5 5.11 0 0
83 2 0 1 0 1 2 2 0 0 0 0 5.11 1 1
83 3 0 1 0 0 2 4 0 0 0 0 5.11 3 1
83 4 0 0 0 0 1 7 0 0 0 0 6.61 3 1
83 5 0 1 1 0 2 9 0 1 1 5 3.54 3 4
84 1 0 1 0 0 1 1 0 0 0 1 4.38 0 0
84 2 0 0 0 0 2 3 0 1 0 5 4.38 0 2
84 3 0 1 0 0 1 5 0 0 0 0 4.38 0 2
84 4 0 0 0 0 2 7 0 0 0 0 4.38 0 3
84 5 0 0 0 0 1 9 0 0 0 0 3.54 3 4
85 1 0 1 0 0 1 1 0 0 0 1 3.83 0 0
85 2 0 0 0 0 2 3 1 1 0 5 3.83 0 1
85 3 0 1 0 0 2 5 0 0 0 0 3.83 1 2
85 4 0 0 0 0 1 8 0 1 0 5 3.83 2 2
85 5 0 1 1 0 2 9 0 0 0 0 3.04 3 2
86 1 1 0 0 0 2 1 0 1 0 5 5.93 0 0
86 2 1 0 0 0 0 4 1 0 0 2 5.93 0 2
86 3 1 0 0 0 0 6 0 0 0 0 3.25 2 2
86 4 1 0 0 0 0 8 0 0 0 0 3.55 2 2
86 5 1 0 0 0 0 10 0 0 0 2 4.48 2 2
87 1 1 0 0 0 2 1 0 1 0 5 5.45 0 3
87 2 1 1 0 0 0 4 3 0 0 1 5.45 0 4
87 3 1 1 1 0 2 5 0 0 0 0 5.45 3 9
88 1 1 1 0 0 1 1 1 0 0 2 5.16 0 0
88 2 1 0 0 1 2 3 1 1 1 5 5.16 1 0
88 3 1 1 0 0 1 5 1 0 0 2 5.16 2 2
88 4 1 0 0 0 2 7 0 0 0 0 5.16 3 2
88 5 1 0 0 0 0 10 0 0 0 0 3.55 3 3
88 6 1 1 0 0 2 11 0 1 1 5 3.25 3 3
88 7 1 0 0 0 1 13 0 0 0 0 4.36 3 5
89 1 0 0 0 0 2 1 1 0 0 4 4.63 0 0
89 2 0 0 0 0 1 4 0 0 0 0 4.63 1 2
89 3 0 0 0 0 1 6 0 0 0 1 4.63 3 2
89 4 0 0 0 0 0 8 0 0 0 0 4.26 3 2
89 5 0 0 0 0 2 10 0 0 0 0 2.94 3 3
90 1 0 0 0 1 1 1 1 0 0 1 4.23 0 0
90 2 0 0 0 0 0 3 0 0 0 0 4.23 2 0
90 3 0 0 0 1 2 4 0 0 0 0 4.23 5 1
90 4 0 0 0 0 0 7 0 0 0 0 2.63 5 2
90 5 0 0 0 0 2 9 0 0 0 0 2.63 5 3
91 1 0 0 0 0 1 1 0 0 0 0 3.61 1 0
91 2 0 0 0 0 0 4 1 0 0 0 3.61 1 3
91 3 0 0 0 0 2 6 0 0 0 0 3.61 2 3
91 4 0 1 0 0 2 8 0 0 0 0 4.52 2 3
92 1 0 0 0 0 2 1 0 0 0 0 4.99 0 0
92 2 0 0 0 0 1 3 0 0 0 0 4.99 3 4
92 3 0 1 0 0 2 5 2 1 0 5 4.99 3 6
92 4 0 1 0 1 1 6 0 0 0 0 5.57 7 6
92 5 0 0 0 0 2 9 0 0 0 0 3.94 7 6
93 1 0 0 0 0 2 1 0 1 0 5 5.76 0 0
93 2 0 1 0 1 2 3 0 1 0 5 5.76 0 0
93 3 0 1 0 0 2 5 0 1 0 5 5.76 0 0
93 4 0 0 0 0 1 8 0 0 0 0 5.76 0 2
94 1 0 0 0 0 0 1 2 0 0 2 4.21 2 0
94 2 0 1 1 0 2 2 0 1 0 5 4.21 4 1
94 3 0 0 0 0 1 5 3 1 0 5 4.21 5 2
94 4 0 0 0 0 0 7 0 0 0 0 4.86 8 2
95 1 1 1 0 0 1 1 0 0 0 0 3.8 0 0
95 2 1 0 0 0 0 4 2 0 0 4 3.8 0 0
95 3 1 1 0 0 1 5 2 0 0 4 3.8 2 0
96 1 1 0 0 0 2 1 0 0 0 0 5.21 0 0
96 2 1 0 0 0 0 4 0 0 0 0 5.21 0 0
96 3 1 0 0 0 0 6 0 1 0 5 5.21 0 1
96 4 1 0 0 0 0 8 0 1 0 5 4.15 0 1
96 5 1 1 0 1 2 9 1 1 1 5 5.71 1 1
97 1 1 0 0 0 2 1 0 1 0 5 4.78 0 0
97 2 1 0 0 0 0 4 0 0 0 0 4.78 1 0
97 3 1 0 0 0 0 6 0 0 0 0 3.82 1 0
97 4 1 0 0 0 2 8 0 1 0 5 2.63 1 0
98 1 1 0 0 0 2 1 0 0 0 0 3.37 0 0
98 2 1 1 0 0 0 4 0 0 0 0 3.37 0 1
98 3 1 0 0 0 0 7 0 0 0 0 3.37 0 5
98 4 1 0 0 0 0 9 0 0 0 0 4.93 2 9
99 1 1 0 0 0 2 1 0 0 0 0 4.76 0 3
99 2 1 0 0 0 2 4 0 0 0 0 4.76 0 6
99 3 1 1 0 0 1 6 0 0 0 0 4.76 3 10
100 1 0 0 0 0 2 1 0 0 0 0 3.8 0 0
100 2 0 1 0 0 1 4 0 0 0 0 3.8 0 2
100 3 0 0 1 0 1 7 0 1 0 5 3.8 0 6
100 4 0 0 0 0 1 9 0 0 0 1 3.8 2 8
101 1 0 0 0 0 2 1 0 0 0 0 5.21 0 0
101 2 0 1 0 0 2 3 0 1 0 5 5.21 0 1
101 3 0 0 0 0 1 5 1 0 0 2 5.21 2 5
101 4 0 0 0 0 1 7 0 0 0 0 4.33 3 6
102 1 0 1 0 1 2 8 0 0 0 0 5.71 9 3
103 1 0 0 0 0 2 1 0 0 0 0 3.37 0 0
103 2 0 0 0 0 0 4 1 0 0 4 3.37 1 1
103 3 0 1 1 1 1 5 4 0 0 4 3.37 2 3
103 4 0 0 0 0 0 7 0 0 0 0 4.72 7 3
103 5 0 0 0 0 0 9 2 1 0 5 3.82 9 3
104 1 0 0 0 0 1 1 0 0 0 2 4.76 1 0
104 2 0 0 0 0 0 4 2 0 0 4 4.76 2 1
104 3 0 1 1 0 1 5 5 1 0 5 4.76 5 1
104 4 0 0 0 0 0 7 0 0 0 1 2.63 9 3
104 5 0 1 0 0 2 9 0 1 0 5 3.43 9 4
105 1 0 0 1 0 1 1 0 1 1 5 4.73 0 0
105 2 0 0 0 0 0 3 1 0 0 3 4.73 1 0
105 3 0 0 0 0 0 5 0 1 0 5 4.73 4 2
105 4 0 0 0 0 1 6 1 0 0 0 4.73 9 2
105 5 0 1 0 0 0 8 1 0 0 1 4.72 10 4
106 1 0 0 1 0 1 1 1 0 0 2 3.1 0 0
106 2 0 1 0 0 1 3 0 0 0 0 3.1 1 2
106 3 0 0 0 0 2 5 0 0 0 0 3.1 1 2
106 4 0 0 0 0 0 8 0 0 0 0 3.1 2 2
107 1 1 1 0 0 1 1 2 0 0 1 4.03 0 4
107 2 1 0 0 0 0 3 0 0 0 0 4.03 4 2
107 3 1 0 1 0 1 5 1 0 0 2 4.03 2 4
107 4 1 1 0 0 2 6 0 1 0 5 4.03 5 4
107 5 1 1 1 0 1 8 2 0 0 0 4.11 5 5
107 6 1 0 0 0 2 10 0 1 0 5 4.28 7 7
108 1 1 0 0 0 2 1 1 0 0 4 4.95 0 0
108 2 1 0 0 0 1 3 0 0 0 0 4.95 2 0
108 3 1 0 0 0 2 5 0 0 0 0 4.95 2 1
108 4 1 0 0 0 2 7 0 0 0 2 4.67 3 1
110 1 1 0 0 0 2 1 0 0 0 0 4.4 0 0
110 2 1 0 0 0 1 4 0 0 0 0 4.4 0 0
110 3 1 0 0 0 2 6 0 1 0 5 4.4 2 0
110 4 1 0 0 0 1 9 2 1 0 5 4.24 2 2
111 1 1 0 0 0 2 1 0 1 0 5 4.58 0 1
111 2 1 0 0 0 0 4 0 0 0 0 4.58 0 1
111 3 1 1 0 0 1 6 2 0 0 4 4.58 0 5
112 1 1 0 0 0 2 1 0 0 0 0 4.55 0 2
112 2 1 0 0 0 0 3 0 0 0 0 4.55 3 2
112 3 1 1 1 1 2 4 2 0 0 2 4.55 4 2
112 4 1 0 0 0 0 7 0 0 0 1 4.24 6 4
112 5 1 0 1 0 2 8 0 1 1 5 3.9 8 4
113 1 0 1 0 0 1 1 1 0 0 2 4.74 0 0
113 2 0 1 1 0 1 3 1 0 0 1 4.74 2 0
113 3 0 0 0 0 0 6 0 0 0 0 4.74 3 1
113 4 0 0 0 0 2 8 0 1 0 5 3.57 3 3
113 5 0 0 0 0 0 11 6 0 0 4 3.39 3 3
114 1 0 0 0 0 2 1 0 0 0 0 4.54 0 0
114 2 0 0 0 0 1 3 0 0 0 0 4.54 2 0
114 3 0 0 0 0 2 5 3 1 0 5 4.54 2 2
114 4 0 0 0 0 1 7 0 0 0 0 4.02 5 9
114 5 0 1 1 1 2 8 1 1 0 5 4.67 6 9
115 1 0 0 1 0 1 1 0 0 0 0 5.42 0 0
115 2 0 0 0 0 1 3 1 0 0 4 5.42 2 2
115 3 0 0 0 0 1 5 1 0 0 0 5.42 4 2
115 4 0 1 0 0 2 7 0 0 0 0 4.67 4 3
115 5 0 1 1 0 0 9 0 0 0 0 3.57 7 6
118 1 0 1 0 0 1 1 0 0 0 0 4.35 0 0
118 2 0 0 0 0 2 2 0 1 0 5 4.35 4 0
118 3 0 0 0 0 0 5 0 0 0 0 4.35 4 0
118 4 0 0 1 0 0 7 2 0 0 0 3.89 5 1
118 5 0 0 0 0 0 9 0 0 0 2 4.74 7 6
119 1 1 1 0 0 1 1 3 1 0 5 5.1 0 1
119 2 1 1 1 0 2 2 2 1 0 5 5.1 1 3
119 3 1 1 1 0 2 3 0 0 0 0 5.71 6 3
119 4 1 0 1 0 1 5 0 1 1 5 5.71 6 5
119 5 1 1 1 1 1 6 4 0 0 4 5.71 9 5
120 1 1 0 0 0 2 1 0 0 0 0 4.12 0 0
120 2 1 0 0 0 1 4 0 0 0 0 4.12 0 0
120 3 1 0 0 0 0 7 0 0 0 0 4.12 1 0
120 4 1 0 0 0 1 9 1 0 0 0 4.68 1 1
121 1 1 1 0 0 1 1 0 1 0 5 3.9 0 0
121 2 1 0 0 0 0 4 1 0 0 4 3.9 0 1
121 3 1 1 0 0 0 6 0 0 0 0 3.9 1 1
121 4 1 1 1 0 0 8 3 0 0 4 3.9 2 3
122 1 1 0 0 0 2 1 0 0 0 0 2.85 0 0
122 2 1 0 0 0 0 4 0 0 0 1 2.85 0 0
122 3 1 0 0 0 1 6 1 0 0 0 2.85 0 0
122 4 1 0 0 0 0 8 0 0 0 0 3.36 1 2
123 1 1 0 0 0 2 1 0 1 0 5 3.98 0 2
123 2 1 0 0 0 1 3 0 0 0 1 3.98 0 2
123 3 1 0 0 0 0 6 0 0 0 0 3.98 0 3
123 4 1 0 0 0 1 8 1 0 0 4 3.98 0 3
124 1 1 1 0 0 1 1 0 1 0 5 3.36 0 0
124 2 1 0 0 0 2 3 0 0 0 0 3.36 0 0
124 3 1 0 1 0 2 5 2 1 1 5 3.36 1 1
124 4 1 1 0 0 0 7 0 0 0 0 3.36 3 1
125 2 0 0 0 0 1 4 1 1 0 5 4.44 0 6
125 3 0 0 0 0 2 6 0 0 0 0 4.44 1 7
125 4 0 0 0 0 1 9 0 0 0 1 3.74 1 7
126 1 0 1 0 0 1 1 0 1 0 5 4.44 0 0
127 1 0 0 0 0 1 9 5 0 0 4 3.27 5 5
128 1 0 1 1 0 2 1 1 1 0 5 4.3 0 0
128 2 0 0 0 0 2 3 0 0 0 1 4.3 1 0
128 3 0 0 0 0 0 6 0 0 0 0 4.3 1 3
128 4 0 0 0 0 1 8 0 0 0 0 2.75 3 4
129 1 0 0 0 0 2 1 0 1 0 5 4.39 0 0
129 2 0 0 0 0 2 3 0 1 0 5 4.39 1 2
129 3 0 0 0 0 1 6 0 0 0 0 4.39 1 2
129 4 0 0 0 0 2 8 1 0 0 1 3.95 1 2
129 5 0 0 0 0 2 10 0 0 0 0 3.18 2 2
130 1 0 0 0 1 1 1 1 0 0 0 3.63 0 0
130 2 0 0 0 0 1 4 1 0 0 3 3.63 1 3
130 3 0 0 0 0 0 6 0 1 0 5 3.63 3 3
130 4 0 1 0 0 0 8 0 0 0 0 3.63 3 6
131 1 0 1 0 0 1 1 0 0 0 1 3.61 0 0
131 2 0 1 0 0 1 3 0 0 0 5 3.61 0 1
131 3 0 0 0 0 0 5 1 0 0 4 3.61 2 1
131 4 0 0 0 0 0 7 1 0 0 2 3.61 2 3
131 5 0 0 0 0 0 9 2 0 0 0 3.69 4 4
132 1 0 0 0 0 2 1 0 1 0 5 3.1 0 0
132 2 0 0 0 0 0 4 0 0 0 0 3.1 0 4
132 3 0 0 1 0 2 5 0 1 0 5 3.1 1 4
132 4 0 0 0 0 0 8 0 0 0 0 3.1 1 4
133 1 0 0 0 0 2 1 0 0 0 1 4.83 0 0
133 2 0 0 0 0 2 3 0 0 0 0 4.83 0 0
133 3 0 0 0 0 1 6 0 0 0 0 3.82 0 2
133 4 0 0 1 0 2 8 0 1 1 5 2.63 0 2
134 1 0 0 0 0 2 1 0 0 0 0 4.78 0 0
134 2 0 0 0 0 0 3 0 0 0 1 4.78 2 1
134 3 0 1 0 0 0 5 0 1 0 5 4.22 5 2
134 4 0 1 1 0 2 6 0 1 0 5 4.22 6 2
134 5 0 1 0 0 0 8 6 1 0 5 4.93 7 2
135 1 1 1 0 0 1 1 0 0 0 0 5 0 5
135 2 1 1 0 0 2 3 0 0 0 0 5 0 5
135 3 1 1 0 0 2 5 0 0 0 0 5 0 5
135 4 1 0 1 0 1 8 2 0 0 4 5 0 5
136 1 1 0 1 0 1 8 0 1 1 5 3.8 1 1
137 1 1 0 1 0 1 1 1 1 1 5 5.21 1 1
137 2 1 1 0 0 1 3 0 0 0 0 5.21 2 1
137 3 1 0 0 0 0 6 1 0 0 0 5.21 2 2
137 4 1 0 0 0 0 8 0 0 0 0 NA 3 2
138 1 1 1 0 0 1 1 0 0 0 0 4.56 0 0
138 2 1 0 0 0 0 4 1 0 0 4 4.56 0 2
138 3 1 1 0 0 0 6 0 0 0 0 4.56 1 5
138 4 1 1 0 0 2 8 0 0 0 0 4.56 1 5
139 1 1 1 0 0 1 1 0 0 0 1 4.83 0 0
139 2 1 0 0 0 0 4 1 1 0 5 4.83 0 1
139 3 1 0 0 0 2 5 0 1 0 5 4.83 2 2
139 4 1 0 0 0 2 7 1 0 0 4 3.82 4 3
140 1 1 1 0 0 1 1 0 0 0 0 3.37 0 0
140 2 1 1 0 0 1 3 0 1 0 5 3.37 1 2
140 3 1 0 0 0 0 6 0 0 0 0 3.37 1 5
141 1 1 1 0 0 1 1 4 1 0 5 4.73 0 2
141 2 1 0 0 0 2 2 1 0 0 4 4.73 4 2
141 3 1 0 0 0 1 4 0 0 0 0 4.73 5 3
141 4 1 1 0 0 1 6 1 0 0 0 4.72 7 3
141 5 1 0 0 0 1 8 0 0 0 0 4.99 8 3
142 1 0 1 0 0 1 1 0 1 0 5 5.21 0 0
142 2 0 0 0 0 2 3 0 0 0 1 5.21 0 1
142 3 0 0 0 0 2 5 0 0 0 1 5.21 1 1
142 4 0 1 0 0 0 8 1 0 0 2 4.15 1 2
142 5 0 0 0 0 1 10 0 1 0 5 3.81 2 2
142 6 0 0 0 0 2 12 0 1 0 5 4.33 2 2
143 1 0 0 1 0 1 1 2 0 0 0 4.56 0 0
143 2 0 1 0 0 0 3 2 0 0 1 4.56 2 2
143 3 0 0 0 0 0 5 0 0 0 0 4.56 4 3
143 4 0 1 1 1 2 6 0 0 0 0 4.15 4 3
143 5 0 0 0 0 2 8 0 0 0 0 4.33 6 3
144 1 0 0 0 0 1 1 2 0 0 4 4.91 1 0
144 2 0 0 0 0 0 3 0 0 0 0 4.91 3 0
144 3 0 0 0 0 2 5 1 0 0 4 4.91 3 1
144 4 0 0 0 0 0 8 0 1 0 5 NA 3 3
144 5 0 0 0 0 0 10 0 0 0 0 6.39 3 3
144 6 0 1 1 0 1 11 3 0 0 4 6.39 5 3
145 1 1 0 0 0 2 1 0 1 0 5 2.62 0 0
145 2 1 1 0 0 0 3 0 0 0 0 5.94 1 0
145 3 1 1 0 0 1 5 0 0 0 0 5.94 1 0
145 4 1 0 0 0 1 7 0 0 0 0 4.89 2 1
146 1 1 0 0 0 2 1 0 0 0 0 4.63 0 4
146 2 1 0 0 0 2 4 0 1 0 5 4.63 0 4
146 3 1 0 0 0 2 6 0 0 0 1 4.63 0 6
146 4 1 1 0 0 1 8 0 0 0 0 3.33 7 0
147 1 1 0 1 0 0 1 1 0 0 2 4.38 1 0
147 2 1 1 0 0 1 3 0 0 0 0 4.38 3 2
147 3 1 1 0 0 2 5 2 0 0 4 4.38 4 2
147 4 0 1 0 0 2 7 0 0 0 0 3.37 2 0
147 4 1 0 0 0 2 7 0 1 0 5 4.38 4 2
147 5 1 1 0 0 1 9 0 1 0 5 4.47 4 4
148 1 0 1 0 0 1 1 0 1 0 5 3.37 0 0
148 2 0 0 0 0 2 3 0 0 0 0 3.37 0 0
148 3 0 1 0 1 1 5 1 0 0 1 3.37 1 0
149 1 0 0 0 0 2 1 1 0 0 2 4.3 0 0
149 2 0 0 0 0 1 3 0 0 0 0 4.3 2 0
149 3 0 1 0 0 2 5 0 0 0 0 4.3 2 0
149 4 0 0 0 0 1 8 0 0 0 0 2.68 2 3
150 1 0 0 0 1 1 1 3 1 0 5 6.33 0 0
150 2 0 0 0 0 2 2 1 0 0 4 4.18 3 0
150 3 0 0 0 0 1 4 2 0 0 4 4.18 6 1
150 4 0 0 0 0 0 6 1 0 0 0 6.48 8 2
150 5 0 1 1 0 0 7 1 0 0 0 6.48 9 2
151 1 0 0 0 1 1 1 0 1 0 5 5 0 0
151 2 0 0 1 0 1 3 1 0 0 0 5 0 0
151 3 0 0 1 0 1 5 0 1 1 5 5 1 0
151 4 0 0 0 0 2 7 1 0 0 4 5 1 0
151 5 0 0 0 0 2 9 0 0 0 0 3.04 2 1
152 1 0 0 0 0 1 1 0 1 0 5 3.83 1 0
152 2 0 0 0 0 1 3 0 1 0 5 3.83 1 0
152 3 0 0 0 0 2 5 0 0 0 0 3.83 1 0
152 4 0 1 1 0 1 7 3 0 0 0 3.04 2 7
152 5 0 0 1 0 2 8 0 0 0 0 3.38 5 8
153 1 0 1 0 0 1 1 0 0 0 0 4.33 0 0
153 2 0 0 0 0 2 3 0 0 0 1 4.33 1 1
153 3 0 0 0 0 2 5 0 1 0 5 4.33 2 3
153 4 0 1 1 0 1 7 0 1 1 5 5.61 2 3
153 5 0 0 1 0 0 9 3 1 0 5 3.54 3 4
154 1 1 1 0 0 0 1 0 1 0 5 4.18 1 0
154 2 1 0 0 0 2 2 1 0 0 4 4.18 3 0
154 3 1 0 0 0 2 4 0 1 0 5 4.18 4 0
154 4 1 0 0 0 0 6 2 0 0 0 4.09 5 1
154 5 1 1 1 0 1 7 2 0 0 2 4.09 8 2
155 1 1 0 0 0 2 1 0 1 0 5 6.48 0 1
155 2 1 0 0 0 0 4 1 0 0 0 6.48 0 1
155 3 1 0 0 0 0 6 2 0 0 4 3.9 1 1
155 4 1 0 0 0 0 8 0 0 0 0 4.5 3 1
156 1 1 1 0 0 1 1 1 1 0 5 4.24 0 0
156 2 1 0 0 0 1 3 0 0 0 0 4.24 2 2
156 3 1 1 0 1 0 5 2 1 0 5 4.24 2 4
156 4 1 1 0 0 1 7 0 1 0 5 4.5 4 5
157 1 0 1 0 0 1 1 0 1 0 5 3.92 0 0
157 2 0 0 1 0 0 4 1 1 0 5 3.92 0 1
157 3 0 0 0 0 0 6 1 0 0 1 3.92 2 1
157 4 0 1 0 1 2 7 0 1 1 5 3.92 3 1
157 5 0 0 0 0 2 9 0 0 0 0 2.76 4 1
158 1 0 0 0 0 2 1 0 0 0 0 5.94 0 0
158 2 0 0 0 0 1 4 2 1 0 5 5.94 0 2
158 3 0 0 0 0 0 6 2 1 0 5 4.89 2 2
158 4 0 1 1 0 2 7 3 1 1 5 3.71 4 3
158 5 0 1 1 0 2 8 2 0 0 1 3.33 8 3
160 1 1 0 0 0 2 1 1 0 0 4 3.83 0 5
160 2 1 0 0 0 0 3 1 0 0 4 3.83 4 8
160 3 1 0 1 1 2 4 3 1 1 5 3.83 5 9
160 4 1 0 0 0 1 6 0 0 0 0 5.61 10 10
160 5 1 0 0 0 2 8 0 1 0 5 3.38 10 11
161 1 1 1 0 0 1 9 2 0 0 1 3.38 0 6
162 1 1 1 0 0 1 1 1 0 0 4 5.08 0 0
162 2 1 0 1 0 2 3 0 0 0 2 5.08 1 0
162 3 1 1 0 0 1 6 0 0 0 0 5.08 1 1
162 4 1 1 0 0 1 8 0 0 0 0 4.33 2 1
